15 15
0 0 4
0 1 2
0 2 5
0 3 7
0 4 8
0 5 9
0 6 0
0 7 1
0 8 2
0 9 4
0 10 2
0 11 56
0 12 123
0 13 124
0 14 12
1 0 6
1 1 8
1 2 514
1 3 1
1 4 2
1 5 7
1 6 5
1 7 9
1 8 47
1 9 1
1 10 2
1 11 4
1 12 7
1 13 25
1 14 14
2 0 4
2 1 1
2 2 29
2 3 5
2 4 98
2 5 7
2 6 9
2 7 7
2 8 5
2 9 2
2 10 1
2 11 4
2 12 2
2 13 5
2 14 1
3 0 47
3 1 78
3 2 5
3 3 2
3 4 1
3 5 5
3 6 8
3 7 7
3 8 15
3 9 58
3 10 8
3 11 41
3 12 5
3 13 8
3 14 4
4 0 56
4 1 4
4 2 9
4 3 4
4 4 5
4 5 123
4 6 4
4 7 3
4 8 4
4 9 5
4 10 47
4 11 8
4 12 1
4 13 4
4 14 2
5 0 5
5 1 8
5 2 7
5 3 4
5 4 1
5 5 5
5 6 8
5 7 2
5 8 3
5 9 6
5 10 5
5 11 1
5 12 4
5 13 2
5 14 8
6 0 9
6 1 5
6 2 7
6 3 47
6 4 1
6 5 2
6 6 6
6 7 9
6 8 5
6 9 3
6 10 2
6 11 8
6 12 6
6 13 1
6 14 2
7 0 4
7 1 8
7 2 65
7 3 12
7 4 1
7 5 5
7 6 3
7 7 4
7 8 2
7 9 6
7 10 8
7 11 5
7 12 7
7 13 1
7 14 2
8 0 6
8 1 4
8 2 9
8 3 5
8 4 8
8 5 3
8 6 2
8 7 1
8 8 6
8 9 8
8 10 5
8 11 4
8 12 6
8 13 8
8 14 9
9 0 5
9 1 6
9 2 8
9 3 9
9 4 5
9 5 3
9 6 2
9 7 1
9 8 5
9 9 4
9 10 8
9 11 7
9 12 5
9 13 4
9 14 6
10 0 1
10 1 2
10 2 4
10 3 5
10 4 8
10 5 9
10 6 6
10 7 5
10 8 4
10 9 1
10 10 2
10 11 3
10 12 5
10 13 6
10 14 2
11 0 4
11 1 1
11 2 2
11 3 5
11 4 8
11 5 4
11 6 2
11 7 1
11 8 5
11 9 36
11 10 3
11 11 1
11 12 3
11 13 6
11 14 12
12 0 1
12 1 5
12 2 14
12 3 12
12 4 2
12 5 4
12 6 1
12 7 11
12 8 2
12 9 12
12 10 1
12 11 2
12 12 5
12 13 4
12 14 4
13 0 8
13 1 9
13 2 5
13 3 7
13 4 7
13 5 41
13 6 2
13 7 56
13 8 8
13 9 47
13 10 1
13 11 2
13 12 8
13 13 47
13 14 14
14 0 54
14 1 14
14 2 5
14 3 78
14 4 7
14 5 14
14 6 5
14 7 8
14 8 78
14 9 5
14 10 69
14 11 8
14 12 5
14 13 21
14 14 1