50
0 0 -4176120499280578097
0 1 -5480565164660748998
0 2 -2043561079161128579
0 3 2132796553132383336
0 4 -5382734110748605696
0 5 486699071328952007
0 6 -2129726186394910418
0 7 3414527318677010396
0 8 5748031414049949863
0 9 -8292807246989759884
0 10 2507069397126053980
0 11 4902994350523686599
0 12 5009033877804453461
0 13 7419218547773007577
0 14 -3728669776139842386
0 15 -8241565480954321629
0 16 -4741495386158495006
0 17 1654148418855270771
0 18 4238881980764495691
0 19 -4740235209017518065
0 20 -1707991739408806679
0 21 -5868770490195874016
0 22 -5592827701781200542
0 23 -7833925406646682034
0 24 -6061504604926824631
0 25 8422275606098478247
0 26 -662891977471113054
0 27 -2563262327982069564
0 28 -2344357657641968219
0 29 -8631897951090409682
0 30 6113208555307262914
0 31 8660883318744453885
0 32 -961077072856192795
0 33 -5279907593713855294
0 34 5848086136506496763
0 35 -5992650163929050202
0 36 -30467844297233485
0 37 2953311393274455251
0 38 -4318925168087906168
0 39 6212887277901143314
0 40 -7406256084072546561
0 41 9205105025330102452
0 42 -6787769485481542355
0 43 -7113044865407431242
0 44 8817266940113501820
0 45 -5309469535109676001
0 46 1193316491300791469
0 47 5814565012683788461
0 48 7900348645532966176
0 49 8188561236856946096
1 0 -5297183252247439789
1 1 -9107119557677511116
1 2 7259731719995591080
1 3 7183392130640340837
1 4 6580855308123413866
1 5 -4986167806812296145
1 6 -5035100798665858287
1 7 1293772275449163556
1 8 1337728864682866117
1 9 243412317242400419
1 10 391819200970161440
1 11 -7130553087577960651
1 12 2603083012311291960
1 13 -2164952961038186438
1 14 -4559336420009380644
1 15 2213279522007987908
1 16 -3240495801494759652
1 17 -4606264198738662718
1 18 4113777238539834638
1 19 -3252547764585676192
1 20 -967421220478367025
1 21 6994575887846008750
1 22 -1499047119656629560
1 23 -8701896708629183361
1 24 -871391260453958094
1 25 -7293329860765986669
1 26 8724056647905520091
1 27 -4830014208044982792
1 28 -5254193075187840215
1 29 2437978676503906220
1 30 -2601912624258186913
1 31 9090276704744253063
1 32 -866694136954185953
1 33 452386245426262103
1 34 5892442531851665455
1 35 2957147069722928460
1 36 -9180186719625044097
1 37 8136399195269197718
1 38 -3691747743515940502
1 39 6459463628792289612
1 40 1425816298930579004
1 41 5518090749125328015
1 42 6163241414919379188
1 43 -6212359424727477777
1 44 7219416456441318986
1 45 -3882521749165293299
1 46 -1625049219897452558
1 47 3953349269413615488
1 48 -5975471953143891934
1 49 1799650390596094460
2 0 -2803273146939670190
2 1 -4908040242855926863
2 2 -5515900395810329022
2 3 4720116225654999024
2 4 -7971295340952226239
2 5 -7668210266676024812
2 6 6875093959666082219
2 7 -3928159354500653153
2 8 482916751982551730
2 9 3861057618687013026
2 10 -2395903498969090463
2 11 -5876129929809229214
2 12 -5834174313461952034
2 13 6990572664217991224
2 14 1099827270219767791
2 15 5532564482464695993
2 16 1491816270798525119
2 17 1584874673799017749
2 18 -6897096330407604768
2 19 -166876080050808636
2 20 -7980160409699193709
2 21 1935587999774480222
2 22 -840722149323970489
2 23 -7958902863423218998
2 24 -5995452014598692001
2 25 658643328824468379
2 26 5546757403835964472
2 27 5709726064682655158
2 28 -894289179038512022
2 29 2130121159880907575
2 30 3764586694501595212
2 31 -3723252242255865451
2 32 -3400148581059661123
2 33 3866341817041532163
2 34 7508655687342086433
2 35 -4222861014569374183
2 36 2506844944545057706
2 37 3078743083662337459
2 38 -4139335096738978344
2 39 1786252156096934681
2 40 -3884159406268794046
2 41 2970029588028946527
2 42 -2930092981201707882
2 43 2994792743605098767
2 44 7661645332613720285
2 45 -4986582977564526844
2 46 -6982719562862039293
2 47 4283844456269568408
2 48 -1120477133403315306
2 49 -528470473022020863
3 0 5917831208554802894
3 1 -3740237913354012680
3 2 4036461061761849037
3 3 -4402961841804395109
3 4 6602869077443873318
3 5 -8583609543746563693
3 6 6173387215723695779
3 7 -1668879663003590535
3 8 -1375891663230773182
3 9 4906895762481200757
3 10 -6721901621448651647
3 11 -1881947922689022424
3 12 -1018010671561542181
3 13 3986253357335282123
3 14 -6725527123566859375
3 15 3826564667366204056
3 16 -2765160665983946323
3 17 -853502824617375128
3 18 4689825070633325891
3 19 5015901352332635037
3 20 1929259076091988218
3 21 -6932353347435904191
3 22 -5540240455896480310
3 23 -3992747716810313361
3 24 -4848183302214339578
3 25 8721033170638533617
3 26 9039739189507317917
3 27 7594085980683609898
3 28 8661975646814208668
3 29 3720654322695287094
3 30 -4844963377058720522
3 31 -62867652154836145
3 32 3659440956419967111
3 33 7443342145405705586
3 34 -3189803164266900906
3 35 -1249761319100571583
3 36 -5624930006978258406
3 37 3133675544447301930
3 38 1098881706695560447
3 39 -4403086904319351607
3 40 7214338140637567145
3 41 -219041874604883061
3 42 -6453410137282538888
3 43 -516162714966696813
3 44 498617828964142862
3 45 3802310485444373216
3 46 -5077722075023331827
3 47 -7223240196710934353
3 48 -4391954729408504283
3 49 -6053653499710829283
4 0 -7510364861740098227
4 1 -7679857625509203952
4 2 1148887958683089231
4 3 -6733742803156875176
4 4 -6781824373302078326
4 5 -8840146617004435440
4 6 5917143609852179187
4 7 -6713608993307026614
4 8 -7798792201012374692
4 9 -8557972523261866774
4 10 -5721387325545211655
4 11 -1805785109752949294
4 12 -2488123649039202017
4 13 -6869284362296522177
4 14 1086441483103363405
4 15 -5197795237501478542
4 16 -535956331510871696
4 17 4317709363640226706
4 18 8327344243209135714
4 19 6475920502663588304
4 20 6089684495035715763
4 21 1646220539515440332
4 22 6898304299969655724
4 23 6688768455909772598
4 24 -8525469424511592304
4 25 -5287790690912148808
4 26 -3514391380731420123
4 27 -7899034626581676781
4 28 540982168927346
4 29 -4540871174061685880
4 30 -7091031895679859511
4 31 9161864335955764856
4 32 1980190901094608391
4 33 -1524449566427125938
4 34 1126623094141445402
4 35 -2932179997968156004
4 36 5624480108801718723
4 37 7722877936222087300
4 38 2115282878710239132
4 39 8812389516679991129
4 40 2563053769339738972
4 41 -5289940044379100027
4 42 -2106405293000642470
4 43 7817251630274023340
4 44 8772043379092808271
4 45 -4103812421965325295
4 46 5709349609426108255
4 47 -9148319080512586696
4 48 -7248435741194688934
4 49 6527802786984733645
5 0 -4312820929824981698
5 1 -4514695803590739004
5 2 -2047439860001108992
5 3 7134466254057649345
5 4 -3092130443110334581
5 5 2498283549353933753
5 6 -2167655829147723512
5 7 6330399170206276824
5 8 -4268070932326167200
5 9 -4179393881269624667
5 10 -5214222798405641986
5 11 4268557875489214307
5 12 -6095517482718721063
5 13 -3374274178519234886
5 14 -8560545910482300495
5 15 -1634839642164525674
5 16 7808059580727245464
5 17 -1458007048687414705
5 18 7929981868636112819
5 19 -5091605695941107958
5 20 -4460061550581399487
5 21 -8260245082426781602
5 22 4418165574715921117
5 23 -8159624348692444614
5 24 -5694853153373321473
5 25 -7626815809303222523
5 26 -914598529903443256
5 27 4016161583208987910
5 28 -6763134781001242370
5 29 2160527125808584197
5 30 3542407442241065812
5 31 6769383828005666098
5 32 4747692804867304687
5 33 94105725542975302
5 34 -8863163368281886427
5 35 6754339768976292072
5 36 -216371594087361913
5 37 8553673093516373841
5 38 -4726292230218740191
5 39 1070330985488297778
5 40 -6709080484942680321
5 41 -2099632737507246636
5 42 -8057430282300029453
5 43 -1634105488262731647
5 44 4823233081921231253
5 45 3758171201914478114
5 46 2704399872637096587
5 47 -558171626507174103
5 48 -3111534321585788918
5 49 5355715959593535408
6 0 2184086202884821148
6 1 -4926040979829540894
6 2 -7124167668654965981
6 3 5896695487321153177
6 4 -7285339702147984355
6 5 8170135088763988553
6 6 -8613718299249960151
6 7 -8802069169069644773
6 8 -7078792752931353399
6 9 4407704106709449052
6 10 -1685603433776716696
6 11 9152767058055477016
6 12 1005329572644321951
6 13 5611451130651728898
6 14 1787302800958129075
6 15 1186815441804059798
6 16 1363334790196458082
6 17 7972779848577267073
6 18 -8142656828331146530
6 19 -5215323567727523776
6 20 6303877554194559513
6 21 7556687443333938694
6 22 -3921246439915313853
6 23 -3542571136217400094
6 24 -82893466269973104
6 25 4296398628447632161
6 26 6496166138348508222
6 27 430621716923456752
6 28 -4903723021324911914
6 29 8383580461388122182
6 30 516082817078959025
6 31 2258025266666541824
6 32 -8607560749183670595
6 33 -2031881535559782580
6 34 -6949411987655838079
6 35 -7883223331256534453
6 36 -1233552045677348514
6 37 -9105669465104510734
6 38 -6574501593867637993
6 39 -9027762229334814928
6 40 -5349370071670758766
6 41 -8070231571797369515
6 42 6960086784401176543
6 43 7414707331823284146
6 44 317086725372249721
6 45 -565555421561119620
6 46 6195728667122421708
6 47 -2152115428775924747
6 48 -4581760351254920713
6 49 7486155654410110669
7 0 4366762915544180434
7 1 -8658169887727606076
7 2 -160996334503149774
7 3 -1201011660347265644
7 4 -2255647848594911637
7 5 -5210974636944652786
7 6 -3057596484938802666
7 7 -4800817134446382205
7 8 5895723887184060947
7 9 5588886752733262693
7 10 -2447796860541856559
7 11 2360646746050893100
7 12 -4307073178023640116
7 13 -7036470088439731074
7 14 -3819753350249112489
7 15 2501781354135945609
7 16 7645043996210751643
7 17 2083828130851611571
7 18 8341761463454850271
7 19 -1765015213516078475
7 20 5972655845691340041
7 21 1039879338889425028
7 22 -7472066584697690525
7 23 -9197685501234776783
7 24 1186478968659356066
7 25 -1726592915189166063
7 26 4962316299576828196
7 27 119982856057311968
7 28 8850752599943257977
7 29 5434184612740904354
7 30 -6867389630710623707
7 31 9180622040435247370
7 32 7821199331278050467
7 33 1929196672685009696
7 34 5291315989257514923
7 35 656283983728943645
7 36 -4955528170413160265
7 37 -4013859595070324327
7 38 1888933693277193667
7 39 -2457476272892658201
7 40 53004214969280853
7 41 -2872871931071802945
7 42 7114029440869755580
7 43 -2852097761556473314
7 44 201460008175799963
7 45 -8692657887359988631
7 46 2280301876535722921
7 47 -9102443109676487976
7 48 -6318467077633095759
7 49 -5933320936538531055
8 0 -4956162893230122784
8 1 5840410352416031507
8 2 8403043715911776063
8 3 4210335660805312597
8 4 4176832534431201917
8 5 6850138485003734318
8 6 8233867312736944114
8 7 2433577635953289335
8 8 8985336822465492192
8 9 4012054843710641006
8 10 5787130243000156411
8 11 2918920436401068509
8 12 7952879603984635178
8 13 -8636071331961448325
8 14 3892973604011614863
8 15 -4464244289373473391
8 16 -8541677016013029947
8 17 1999349834257661920
8 18 8830478962784383592
8 19 2158887719128307649
8 20 2152990068787595993
8 21 -443326010469185906
8 22 -73161312810659774
8 23 -7605793236027299776
8 24 2709355238140937943
8 25 9168529194606316377
8 26 7122252558098164319
8 27 -1435050500990194940
8 28 4866420959889272562
8 29 -315500737735268487
8 30 -6061968406835148284
8 31 2200460974088069286
8 32 -4803230881014413407
8 33 -5502684187404232949
8 34 4880115904302280698
8 35 4406876702729631461
8 36 -2438673260321177313
8 37 2805132402089898382
8 38 6841381679891726605
8 39 4439191886397638947
8 40 3853633764472974315
8 41 2383385131130696295
8 42 -416300693629746544
8 43 -4472306036420431642
8 44 -7876961196681642679
8 45 7736123660808868189
8 46 -7206659325914077480
8 47 -4987798626707347880
8 48 8278113509808235454
8 49 -1388224311971206371
9 0 -1033654363041502788
9 1 -173166100034260792
9 2 -3162801202104292457
9 3 -6594430423384458825
9 4 3544324391208615196
9 5 4184507705612314407
9 6 437717139276706659
9 7 3702621407209184543
9 8 -2249693717888367273
9 9 3830517516729598092
9 10 2158331012592726133
9 11 -7609646605128977491
9 12 5172835854918067667
9 13 -3215052753015884623
9 14 2875609565719348067
9 15 5561110027463787165
9 16 6142933591514897784
9 17 5139356063131937907
9 18 1035660657523793033
9 19 7347438320918785680
9 20 4150454818039001909
9 21 -6019499878588022187
9 22 8379775494888468615
9 23 -3486514440316632055
9 24 5362174334479626874
9 25 8199277464488465150
9 26 7839438479767944383
9 27 -2175961926305968143
9 28 600331788714522557
9 29 4238729146076405174
9 30 1154951448641952728
9 31 4809252680563509268
9 32 5219260347033029877
9 33 5261239490890265837
9 34 7649230316372945470
9 35 3523478453328151458
9 36 -7800214170532882910
9 37 1340449989365710517
9 38 2787999630150892191
9 39 -4718572932373757009
9 40 -3983447479722095165
9 41 7453621863818593603
9 42 -6361755195342464401
9 43 -4900096265292985421
9 44 -1465125877530341026
9 45 7448995749318383474
9 46 -1324637221866199451
9 47 -1916292439491999222
9 48 -2541449683563823620
9 49 -7411309242595886785
10 0 -3354958336136089860
10 1 7397359641533943924
10 2 6539511186493988009
10 3 -6634012289158273970
10 4 -7425449249697895181
10 5 -1068351251079258985
10 6 6057395169247878904
10 7 -8575647437526591388
10 8 -2811095195075131955
10 9 7855826033332924536
10 10 517818613720017790
10 11 -4755259032784946198
10 12 -1168562284995649454
10 13 -4116429911276963066
10 14 -2385980377310774701
10 15 3758521590435253361
10 16 2178476083921832204
10 17 8882871023845396623
10 18 5052399178555867540
10 19 3093891949664575272
10 20 7807763897281062603
10 21 5119325130849514313
10 22 -1606172499611946525
10 23 -6252565229124292248
10 24 1325865373869031202
10 25 -3182663902728885301
10 26 -74060881379261723
10 27 -7327739575078467287
10 28 1538409855023483623
10 29 5700925308217995665
10 30 3419803399262359491
10 31 -2909996635786107510
10 32 2505484320595466935
10 33 -7407088955550440581
10 34 -4929658214964509782
10 35 -2627701496531108019
10 36 9025976980602260335
10 37 2378139447970615374
10 38 4532981835641345611
10 39 8397096350569666904
10 40 -579599936131315020
10 41 -8027922818905862351
10 42 4766960019567777883
10 43 -7826043342528503499
10 44 -7722290906626495636
10 45 2732250669480552498
10 46 8100266697700069396
10 47 4205866924223815570
10 48 6251852085235632707
10 49 -998814861928411969
11 0 -3025426376850758221
11 1 -6448218598140495678
11 2 4437518639344697896
11 3 4710743535999918125
11 4 648254174241579000
11 5 542317626799242555
11 6 3431356330233082061
11 7 2014238093388845109
11 8 8953908982558863529
11 9 9066494099770771990
11 10 -3933589314384393430
11 11 2983659935828032882
11 12 -8665905236360589042
11 13 -6793246553630819949
11 14 -6225355930476510726
11 15 4379054418524074980
11 16 -2220114641866445194
11 17 -8507179511533968494
11 18 -3151398625182828996
11 19 8717304136145744751
11 20 6521699181954000562
11 21 2503339832239599130
11 22 3893487620491410867
11 23 5430240683516348509
11 24 -4931361737830476651
11 25 -6159485298364158507
11 26 2659763819267340135
11 27 8185687263223706584
11 28 8576999222666620026
11 29 6024810615171503762
11 30 -459640533955497950
11 31 -2334211124251220879
11 32 -3840076076848994115
11 33 6814188622947564483
11 34 -9096579083928529164
11 35 -6834027943204471140
11 36 -7691178159891855808
11 37 8883658904092041468
11 38 1747206674415911344
11 39 -4444434733310905039
11 40 -3715369290194317080
11 41 -2113088266694731142
11 42 -6428899509341060756
11 43 -2238319748564471315
11 44 584786589804347422
11 45 7330739883592940954
11 46 -5744966317826488571
11 47 5241180075534388719
11 48 562998998241960783
11 49 -6755298368334732963
12 0 -3927142489112062055
12 1 7122134443400387131
12 2 8177507483754913388
12 3 -6304473940248924437
12 4 -7894076369171394293
12 5 -3407634355065341894
12 6 5311533704144975467
12 7 -6869520504614714868
12 8 6345520572966485634
12 9 -4480082049599880648
12 10 -3557052209119334972
12 11 7619989043299817904
12 12 244771930053246186
12 13 -963090911105498139
12 14 8088511955522859252
12 15 -4656903549893502871
12 16 -2278336927528767631
12 17 5371684769308574421
12 18 -7357860003465948418
12 19 3362094797118510316
12 20 1418061275727217675
12 21 4471013554704750336
12 22 -2160790079916074524
12 23 430353401742244500
12 24 5503052014466074607
12 25 -1068102924936129726
12 26 -96878041106162894
12 27 8532860293039962591
12 28 6588229014178909208
12 29 -7642053057524646436
12 30 -8205876775570839436
12 31 5853831251111528687
12 32 -2288773432068499002
12 33 -6235995283767748367
12 34 6686043183996062652
12 35 2778193225068459017
12 36 2779678849601140474
12 37 -9093846916786324726
12 38 5917700826383946781
12 39 1015034512860872217
12 40 -6350227974115017987
12 41 1581087287793547155
12 42 -7475079914924019150
12 43 992834732945674541
12 44 6819056552818897625
12 45 595966216324274011
12 46 -2109249399482915688
12 47 -1909218460571828490
12 48 4634081184471242206
12 49 -4364059865074147048
13 0 -994842225912351633
13 1 161927663724187978
13 2 -4677762634690541025
13 3 -1682618850961837599
13 4 -7757942175404588579
13 5 9110251826703166116
13 6 3045379692812040435
13 7 7325063183756043698
13 8 7506248497148043403
13 9 6939741284414781090
13 10 2400993038952723316
13 11 5185344365462835180
13 12 -6886110950249528282
13 13 -5001748428274177402
13 14 1350269360219875075
13 15 -3885904405504359470
13 16 -2959958468332913441
13 17 -1248112207585339978
13 18 -1355538324482203198
13 19 2796532823633423628
13 20 -4265985020279684116
13 21 1388385284806525501
13 22 -4702663745271945448
13 23 8500896845080639528
13 24 6724342947801225221
13 25 7860445333876663623
13 26 -354287146562055119
13 27 3812107099105151764
13 28 6450202098952677863
13 29 -354767540189732951
13 30 -8717341904144034692
13 31 2646028122554207654
13 32 -4850198306366138156
13 33 5934254247352815190
13 34 8405159252777051691
13 35 -2933198831347056108
13 36 4241553062955073297
13 37 7610726630371814123
13 38 -8000405768948257098
13 39 -7262584780360290948
13 40 -5514000814834250137
13 41 9148102157799226404
13 42 -9149937834365952168
13 43 8525231331271692381
13 44 2593690682393771171
13 45 -709536214628280732
13 46 3567368091527342480
13 47 -8823960795886883044
13 48 -8126810613324840937
13 49 -1657283738514428878
14 0 -3912655803526888542
14 1 7509158629110065793
14 2 6301584869163752470
14 3 2751068678857617078
14 4 2817429715713834260
14 5 6044438454339561527
14 6 8275490432639253883
14 7 -8741069863994655168
14 8 2663030089683477297
14 9 973679600066939727
14 10 -5583098629406021853
14 11 -3098561464450225470
14 12 -7504287585421544055
14 13 5443354123034557629
14 14 1032787514219556462
14 15 -271476033395719087
14 16 -949473492959974801
14 17 -860780397313522726
14 18 -8618539316298577982
14 19 -2794379412016464984
14 20 49422858960585594
14 21 4701210116280397536
14 22 -4276456045483990264
14 23 -3302451326784187740
14 24 -455101779127307772
14 25 1566490700263689073
14 26 -2147823532545026003
14 27 5563747146428996809
14 28 -9040845862431290450
14 29 -5649053031750242543
14 30 9012175802317611939
14 31 4122886303959535547
14 32 -3500110492134207782
14 33 -8647434363833970777
14 34 56386550950752989
14 35 2271227899502388166
14 36 4230190702028355376
14 37 3229481257931090944
14 38 -7150881769409576746
14 39 -6880628494700837801
14 40 2030077995851948570
14 41 3524881506197750860
14 42 4427014605092799115
14 43 -3442611504796200831
14 44 -7834923091863420089
14 45 5370937784751547039
14 46 -1890090368262200452
14 47 -6677240467983193223
14 48 4870841089083173164
14 49 6280279654196212593
15 0 -6461545840938003921
15 1 -9204266294848119526
15 2 -5150660659697217154
15 3 -7280957621932085729
15 4 4054798462285978797
15 5 1388773234009817698
15 6 4741894228986318265
15 7 2410660852655361384
15 8 -876341939246637821
15 9 -5209139202500981261
15 10 -6878145939522586724
15 11 5340170921326565360
15 12 8300196474846508483
15 13 2583166127751698579
15 14 -3976058740642875989
15 15 6552013827581130944
15 16 -5497487619143934336
15 17 -8648938370806201940
15 18 5898144738482196396
15 19 7663956594102003652
15 20 -1072448040747122603
15 21 -245688792221589555
15 22 -1469407978281807062
15 23 1227119086983012940
15 24 -4107209480110038433
15 25 -1224989023952371417
15 26 6202403646955948021
15 27 1952133387832308619
15 28 6815969048114964030
15 29 3931743196622634000
15 30 -2038284683696425824
15 31 -2289340104836657893
15 32 -8076581738658048871
15 33 -6889000759013175420
15 34 -8807779338313092350
15 35 44728848999935864
15 36 -1825272611788162665
15 37 746000322572211103
15 38 -4722525302479203146
15 39 315765241227649664
15 40 7810997131950985574
15 41 -7385568415453529564
15 42 -7330630942596687973
15 43 -4446760874470392327
15 44 -947159132669623113
15 45 3710517969533886201
15 46 -90900697265116588
15 47 -9092655450859208181
15 48 6529665189075154240
15 49 2698447314906769577
16 0 3649123757359726792
16 1 -8951615124375322686
16 2 -335747138952177095
16 3 -3576636518479087392
16 4 -9198431635127158621
16 5 -280972007146385011
16 6 -2001153105024701216
16 7 3899545211937795315
16 8 4086458478118211028
16 9 -8172219645494418494
16 10 2635690743857636597
16 11 -5366599112824328618
16 12 3022282904052768525
16 13 1120818775185624344
16 14 -5944633169556503234
16 15 3971089875963269923
16 16 -3232006849448951226
16 17 -6859001977519261909
16 18 -6399922196454443004
16 19 2558558709839089306
16 20 4219393852202002747
16 21 4785548349264287483
16 22 4990410265352174484
16 23 -4638180637309537893
16 24 5883737066227766761
16 25 -7638802507452091027
16 26 4551712707506085568
16 27 -7056302697367635154
16 28 4588393160319672085
16 29 -2109107345389385784
16 30 1342338551917202780
16 31 -4010446150534694661
16 32 -4595640541631544123
16 33 6863941043254499386
16 34 2269254426240281793
16 35 8063770075933112274
16 36 67033075490690244
16 37 7347947947711561297
16 38 9055726125279840332
16 39 5343853602542208037
16 40 1042798220631154466
16 41 9198527892021323651
16 42 2807023669062110688
16 43 3874313074795920009
16 44 -1273632883604358478
16 45 2256728507760209830
16 46 -5780161959375365536
16 47 7710965756861655097
16 48 -572547287176439413
16 49 -9103229458616055432
17 0 6010078208054908470
17 1 4906931168325385107
17 2 -2444232827136692856
17 3 7036677256493889304
17 4 -8578551933722009137
17 5 -7094611279890709352
17 6 1956584287523429576
17 7 1940941004376183435
17 8 -5743751564977843683
17 9 -1578997540560599696
17 10 2812385612351735342
17 11 7081971022137042488
17 12 -6425364417518650092
17 13 6397557269944718052
17 14 -1581737303320554014
17 15 -922443222963907220
17 16 4432332368475149869
17 17 -2941311287744051997
17 18 7249776885066885582
17 19 8166339374362301655
17 20 -7301142899012658459
17 21 5531164388665865981
17 22 7261181230393968161
17 23 4858149000275424013
17 24 -8384569827856576705
17 25 2885750611011361003
17 26 8172775686350854608
17 27 6691247557154074887
17 28 -6120792070637483458
17 29 4111596738693566213
17 30 -4048740723841248496
17 31 -4458059076008793441
17 32 752079512815047276
17 33 -2306021656511126838
17 34 7303462053127259101
17 35 1417861488611495703
17 36 -4724827877657163178
17 37 -3865533308618439844
17 38 -7137040683613317513
17 39 -7928536902562059885
17 40 5094662349444148494
17 41 -3180986377175116287
17 42 -6605037743365729824
17 43 -2532541938046666342
17 44 5442821206992214696
17 45 2585137309107066531
17 46 -2657087430139154849
17 47 2840334335140797337
17 48 -7748651211291675459
17 49 5424840521796028497
18 0 5375240479731677695
18 1 -5119881722243284640
18 2 7826411679148378859
18 3 -443987778866563652
18 4 171408144272542992
18 5 6539701613168753315
18 6 -2126186069632247982
18 7 -2480930544374201925
18 8 -8966903063762596187
18 9 -4473285280301855366
18 10 8247945833353677592
18 11 7048882520184211399
18 12 6983873114539641109
18 13 1960821595680284385
18 14 -5467165380707259673
18 15 5681336779129506943
18 16 -7472986746313961861
18 17 -7006085226063008967
18 18 -7759702414380336278
18 19 -4747989770150035930
18 20 -1280355192130884298
18 21 8668999650896056005
18 22 9112160763007319507
18 23 8270458578439570720
18 24 -4429192817832856471
18 25 6907327212826779182
18 26 -7383927682487583656
18 27 7563076998271444089
18 28 7584695949389990012
18 29 -690491091355414784
18 30 -1887485372987742543
18 31 6463938298535307870
18 32 1246853537577912217
18 33 6408677126259388458
18 34 -7339290247160742244
18 35 350352862232326305
18 36 -6435431082265625040
18 37 7172214628054266498
18 38 -7453306725540424614
18 39 5565582981135412537
18 40 -1434401041954034829
18 41 -3610306384699752129
18 42 3692579557767123759
18 43 -7585973478207204672
18 44 4345456901143500251
18 45 -6829471159365096835
18 46 -4299232632569340443
18 47 7010294480682762483
18 48 117129605975469985
18 49 -8705241249839933507
19 0 -3738281493588247734
19 1 -3530064044330302154
19 2 -691588881734644922
19 3 1785953754982110818
19 4 7091771053090067117
19 5 -7020420341465486579
19 6 -5822411774290386933
19 7 -6702322382862782412
19 8 -3940157222868764571
19 9 2799619400875809956
19 10 -4301319472110428550
19 11 -3556974020894026783
19 12 -2838358611107706294
19 13 833473793890571080
19 14 3286315759024739547
19 15 4035895110506892663
19 16 -3856831904033612742
19 17 -5325612375296419860
19 18 645511504151798719
19 19 5323012570131451628
19 20 -6099754750974249835
19 21 1794632114867606437
19 22 1199421469359571578
19 23 -6983293396207286122
19 24 5764043279924123842
19 25 -1780451579844923346
19 26 8976160375375008672
19 27 -4248712941391097421
19 28 4480159715771525544
19 29 3908305049035819109
19 30 -1860506578536855153
19 31 8676112746420887779
19 32 7316766532424699957
19 33 7975903697934379212
19 34 891420343734819557
19 35 6709643946552972456
19 36 -2340351786073327141
19 37 -7743140323609305079
19 38 130292844720310022
19 39 -4506643975125726227
19 40 3343009325431121166
19 41 2962207024630947686
19 42 7308858580705880727
19 43 3725340193258212988
19 44 -7145480311670800953
19 45 6548726489932491602
19 46 -4461180217156639738
19 47 -8019492637188504186
19 48 8112565601666681348
19 49 -4047205766858597410
20 0 1696996514951645183
20 1 -5088505944786746336
20 2 -7203404980190288315
20 3 -3269449983412163264
20 4 -2568385179811502600
20 5 5472351332627455936
20 6 8927526580069683729
20 7 7956053808922501203
20 8 9024650356729535654
20 9 -7685533647269144380
20 10 -629719145511072657
20 11 5773467491066915606
20 12 8943151043955916422
20 13 7951637256389055211
20 14 696643787743543406
20 15 -6381702013806593751
20 16 -3042148025177995691
20 17 -2368654879803286054
20 18 6342299657539764637
20 19 -2535727212508578733
20 20 4826785434397055896
20 21 3694359494833229208
20 22 -975855823873664877
20 23 6143698741503659262
20 24 4492171636354836245
20 25 -6941843799327071470
20 26 -3561480670589198488
20 27 -1743773730238588231
20 28 8523680571836036952
20 29 -4995792385020476264
20 30 -2990820606036169158
20 31 -8957820827557811019
20 32 8589258310763459888
20 33 -3571915614946507170
20 34 -6719744295950592086
20 35 -9085895731769347511
20 36 -1791343543905228753
20 37 8958406640686220028
20 38 1584473985442067804
20 39 4581386499538756463
20 40 -6771208869779453139
20 41 4603002903274996719
20 42 1943178662822249595
20 43 -1576052049793519292
20 44 7072916536198803653
20 45 2210716119304354325
20 46 -5313481908080979406
20 47 -2776407908287576437
20 48 7369190878201001942
20 49 4181432460708611637
21 0 8555031604801501236
21 1 8039662051456784427
21 2 -5494717024459223037
21 3 464620808762757493
21 4 1202729624917682484
21 5 4040504944034776493
21 6 2922126337232031284
21 7 -6609935977403222558
21 8 -7400868640474985106
21 9 -1307145388838680129
21 10 -8217534082983145197
21 11 3737948698146977516
21 12 7530839128514752285
21 13 2290680613976111795
21 14 4774043531677480336
21 15 531153815102491110
21 16 2436022003502675714
21 17 7562601373675100928
21 18 -2527090599877289122
21 19 4808577114218049162
21 20 -4293729483336419100
21 21 -7772021228592236096
21 22 7354755036686842227
21 23 -3263935462061582476
21 24 -1320795429433487350
21 25 -8253936222892596431
21 26 6260902054351061644
21 27 -6772771994406935902
21 28 -6269904351771636797
21 29 -5175762892854304460
21 30 -7011007260995380826
21 31 -7231461511616290310
21 32 4776034021247790046
21 33 1899082709356006353
21 34 6107004776325207686
21 35 6362479909308756932
21 36 -7998405808358609614
21 37 -3257591265956795983
21 38 -7736832573280642510
21 39 5490419716078627628
21 40 1951916502011815448
21 41 8735935217973371043
21 42 4633462274485531510
21 43 -1593094587210938175
21 44 4646250298103313131
21 45 6635304664209241623
21 46 570800140800660321
21 47 8489342236081390329
21 48 6411805809033998991
21 49 714468740579565478
22 0 2660998876574994885
22 1 3861203246485479083
22 2 5739381041093759720
22 3 4075143469069001608
22 4 -6113109922172780102
22 5 4426331270558521235
22 6 -3458567062149665442
22 7 -1832922687906674404
22 8 3455781682351740443
22 9 6713724290533152977
22 10 -8453888005959290017
22 11 -8694090073375631004
22 12 -3714735562765986297
22 13 -7661930956620020374
22 14 8098431281155287773
22 15 2684551823298867078
22 16 3283067582371553633
22 17 1055632811427680454
22 18 234987358710627020
22 19 -6312670968648263348
22 20 8750689328289301841
22 21 -4878111694808570064
22 22 572187010050000805
22 23 -2594757189505185883
22 24 5709456978717384898
22 25 -4386132551009278374
22 26 -1078835336721539098
22 27 6884900291222687522
22 28 830832105881164001
22 29 3448593520089851350
22 30 6393390002881378448
22 31 7793195687186544761
22 32 -3973101254648996444
22 33 -4003086452502720611
22 34 -4771312531800180312
22 35 4152587762515992838
22 36 5264155113711550017
22 37 -7892199306441209716
22 38 -9071953845413258570
22 39 -2707068412371293371
22 40 1250717589214514610
22 41 3060084457223547107
22 42 -2696746972786667703
22 43 -7460761244851191975
22 44 -8603374757158201544
22 45 3381476409362957508
22 46 -499469330659310736
22 47 4049531315787078537
22 48 -3179260451415661867
22 49 -3378280864137689926
23 0 4220899652092176450
23 1 781025628304454845
23 2 -8978195101749540400
23 3 1505137255616908847
23 4 -8289672870278508456
23 5 7157162420586030853
23 6 -2404656141343958219
23 7 7500597944785648628
23 8 -8011204030307066802
23 9 -3065644218769082862
23 10 -4340115851626262445
23 11 97852219707795133
23 12 3850636089360447301
23 13 -6811688844563358277
23 14 -7189575705730723524
23 15 -1925061001854698078
23 16 -5926791333531098268
23 17 -3330202300833713542
23 18 -2546872662771349176
23 19 -8623559465806336352
23 20 -6423362131115387310
23 21 -2608607525327646227
23 22 -1970515971660231790
23 23 -4401957695910207722
23 24 -7380214221374380610
23 25 569958711191610197
23 26 -2935428907685230727
23 27 3790938833789203529
23 28 -1591778676756380712
23 29 -9210182547050878950
23 30 3660683704541367585
23 31 4780131232746253280
23 32 5225765327860796373
23 33 -6318253771269596091
23 34 -8954062453063949840
23 35 -7859201153396652952
23 36 8331823287738556014
23 37 5536117691524851460
23 38 -8390025816543599343
23 39 5520878102651123153
23 40 418897984076271201
23 41 5377457552389085993
23 42 -7354099306214947852
23 43 6712725922345482735
23 44 8842121897304431855
23 45 -8404047325523884116
23 46 -6663053430020915508
23 47 -4199350961364523782
23 48 -967422501873039779
23 49 -7616843835818682331
24 0 -2932422770658575089
24 1 4234854272070372878
24 2 -8706773931027931533
24 3 -9193587649559804590
24 4 1171021460102132218
24 5 7456701491325011884
24 6 3855339620701699328
24 7 -5025990637792701033
24 8 -8736759977586913013
24 9 -3780785780595038153
24 10 8741850708608563795
24 11 1479604421680868729
24 12 -7920856793238515067
24 13 8735509311824667256
24 14 -5159613308168029245
24 15 6377023897126105122
24 16 2285473874442651631
24 17 -1055720271802683877
24 18 -8858228208704761815
24 19 -307897839423754271
24 20 -4353562371576168299
24 21 -494297753713541072
24 22 -8035191870378402719
24 23 -3842517635934654809
24 24 -1641761409673249274
24 25 -8189166405970046038
24 26 -2408766884763674675
24 27 -2283295735512797558
24 28 -4930974994663638892
24 29 885238074511819235
24 30 7972412359260870865
24 31 -1978509027348344251
24 32 -3601431537440410665
24 33 3182353114654894870
24 34 1526672415729791320
24 35 6217900179986746806
24 36 7972188512160310058
24 37 -3863750963277697308
24 38 -5453067250251261107
24 39 -7388705408338778529
24 40 -3538439657368871379
24 41 4710947575462589648
24 42 6468275244907164963
24 43 -7194950798618377241
24 44 -2497490562931825343
24 45 -5026845212465036093
24 46 754520699174260302
24 47 3011231677184315542
24 48 -4617712893389638129
24 49 737839431683075976
25 0 3262465874191844296
25 1 7935944052991109596
25 2 6624029342058885122
25 3 -7787049614779316399
25 4 -7557126105546199923
25 5 -4809595552691232566
25 6 4458565868544461000
25 7 2992792545253910576
25 8 3801149310469445151
25 9 8139072992645646999
25 10 -9177018037493559084
25 11 2136633474024919199
25 12 3381142582737522946
25 13 -8123435105311071972
25 14 630196374935242719
25 15 -8743053756527539719
25 16 3427579220492537153
25 17 -507519063278128295
25 18 -8817799993487326877
25 19 4054283599558762750
25 20 2264357697560151784
25 21 1310664013237495278
25 22 3476388120823830815
25 23 2158688245139517011
25 24 5551573266574688903
25 25 3657427548644754338
25 26 3125903016201238422
25 27 8112873786017672960
25 28 8015943091915659702
25 29 -5867503842016682528
25 30 -4650565272012036465
25 31 -5178204346201510672
25 32 6800810946186680203
25 33 -987231120632398539
25 34 7551902946703783318
25 35 -6171021005719799948
25 36 -5690619641400531675
25 37 238859753123914196
25 38 -3129809427317346694
25 39 -4753013741552260160
25 40 -6779412882445760987
25 41 -5952324776323607534
25 42 8490651451576965581
25 43 -5050934029965931155
25 44 -4161247986966780624
25 45 -3761027948613237527
25 46 5880036211671028583
25 47 -7097959253683720458
25 48 2646080812289749102
25 49 7400358113017101945
26 0 -170784628998115612
26 1 109180621112584763
26 2 3376091701042087438
26 3 -3386675478792690557
26 4 -7828948917348275167
26 5 8391289790074497280
26 6 -611764572348780352
26 7 -8203417269487876883
26 8 -8835862392310252605
26 9 7460321744859250031
26 10 -4418337049036245959
26 11 -8469399577938823104
26 12 -2646154576331385936
26 13 -629560742976075118
26 14 -5484436651770254925
26 15 2007844758849245741
26 16 6097897787713524627
26 17 4188409703793179866
26 18 -1023627700625511318
26 19 6078260666798809604
26 20 6452563780444567900
26 21 -4092588498404945253
26 22 1075646465275041312
26 23 7670317401582289723
26 24 7798861266110604734
26 25 -3042418056723532659
26 26 -1689767668504196199
26 27 6871767740606447085
26 28 298021412694339760
26 29 -5895404592041714099
26 30 8507600684888561952
26 31 -7650787062878832808
26 32 6404196132876209645
26 33 2556304560259782361
26 34 3787821993035538177
26 35 -4638341839873363362
26 36 -6340933352118566541
26 37 8406555140129601816
26 38 -912238415333945843
26 39 7167453582526717957
26 40 -1285630336083287032
26 41 4871195288303144016
26 42 -4072432632893639655
26 43 4580061147525332983
26 44 -2208843469871384656
26 45 5099403072538602670
26 46 -3030953478963619714
26 47 -496815157050191613
26 48 3982075825685531704
26 49 -394396016474717246
27 0 8398930108029020315
27 1 -2618891392800157286
27 2 -1733228055492430929
27 3 -2477949562689531648
27 4 -2587818286790282162
27 5 -1811142307004051374
27 6 3041530009828624103
27 7 -5482734539635883456
27 8 5050722422582753919
27 9 882760615756631143
27 10 6670496097216526840
27 11 -2174575110396126146
27 12 -2646449509155863146
27 13 5324438896998770229
27 14 -1535877691528249154
27 15 3581722320587109146
27 16 5165448600967682048
27 17 4772517596852461503
27 18 -8901150651428863146
27 19 4342776295800074970
27 20 2577967318285674669
27 21 893407107800427819
27 22 -6237006493871021403
27 23 4312925165128038372
27 24 -6750944518987763819
27 25 4301403582244214084
27 26 -6921250680506495791
27 27 5331693017516275588
27 28 2056832897628733998
27 29 -8633467547669962249
27 30 7875432777213911494
27 31 -1895199841865418644
27 32 2827387604939407352
27 33 1553224858106519766
27 34 5260388259008440242
27 35 2906881255195564846
27 36 -3142468203920617743
27 37 1196635115633816472
27 38 5956009461534642057
27 39 4474610747769352900
27 40 -6430922201049782239
27 41 4548723045073268887
27 42 508745043236440449
27 43 -8192530389160383223
27 44 -8825820451151956976
27 45 2952924887483978576
27 46 1059918547622373783
27 47 9168067156443286334
27 48 -5783482761286092981
27 49 -5431048425899459353
28 0 -8879199069856867319
28 1 -1725016236122953082
28 2 5215464664831626979
28 3 7816138578363909280
28 4 -4388104643597391398
28 5 1378287513055222889
28 6 -7705944832535823123
28 7 2714586971207358567
28 8 1507214389899726162
28 9 -6218082945561833643
28 10 8276320258330772739
28 11 7811799994767011145
28 12 8016807050416330363
28 13 134727878916114200
28 14 -3041787792205866815
28 15 -1392285200693837831
28 16 8309592957761511333
28 17 1024598597577270632
28 18 6973239651198833737
28 19 726191333709653324
28 20 -8342143026880474654
28 21 -7023371857120263589
28 22 4990102349471320768
28 23 -269409142920500547
28 24 -1230093662953834101
28 25 -5217272092734384913
28 26 -6720842214803676466
28 27 1219917686526805738
28 28 -6904398123211707719
28 29 -8661631765761430653
28 30 -8076429582385216734
28 31 2850824972485597716
28 32 7632366064755062221
28 33 -1930373939448875940
28 34 -3438915219294925076
28 35 1605864324950687395
28 36 -2997791425990628376
28 37 5857445199186777634
28 38 -425994595094777247
28 39 7676907496009738656
28 40 -2530217258830580877
28 41 3845688360275810400
28 42 8820017879145692987
28 43 -2056014630522119366
28 44 -1665037113964172135
28 45 7681884978605251591
28 46 8462850724963342646
28 47 1671314897885110082
28 48 5340420416318072264
28 49 2815252170041435115
29 0 -333798174962978156
29 1 -1197136664806187602
29 2 -1685497588375789516
29 3 1805820793754758468
29 4 7667537226535950490
29 5 921045798997392153
29 6 5615617474036311124
29 7 -3389590174498793425
29 8 2366820920877420561
29 9 -6010102507283248831
29 10 -5680187926467860893
29 11 -7414481227142914005
29 12 -3291279826608438842
29 13 6769451916658608009
29 14 -5105458098301682976
29 15 -9042552887632190307
29 16 -1339525209088542966
29 17 -5709126512673311883
29 18 1530219362131598094
29 19 -4865301153548025524
29 20 9186524638716192306
29 21 779331311841732912
29 22 -2122604630531573387
29 23 4926761912613713637
29 24 -1272737278195593448
29 25 -383064460462304247
29 26 1182359526633694815
29 27 -7344731935576005768
29 28 -5765226957574772840
29 29 -5471526995209408783
29 30 -7172028129380580260
29 31 7851595123873975033
29 32 -2108031514298623980
29 33 -2623658312988551937
29 34 -8377071807355745090
29 35 2625686358639751104
29 36 5216408719665776625
29 37 7776575412794614252
29 38 -324164395053308898
29 39 -4739502792544683255
29 40 -5688386366178657768
29 41 5266348011159233176
29 42 -9091668551350190379
29 43 -4894242715999160971
29 44 5996883060156365174
29 45 728099690275444099
29 46 6571002530402129284
29 47 -4494974062837477497
29 48 -1744083828120709764
29 49 -7175186775490741420
30 0 -8112017796465071731
30 1 1324132464241146408
30 2 -6750234810235851105
30 3 -6358510118361434282
30 4 5611506394868242839
30 5 6290041863128534820
30 6 5094365738499543769
30 7 308146823491338230
30 8 4446886010965919245
30 9 -990002314750031445
30 10 -5837613363296359898
30 11 2904323324299534150
30 12 7247546389164590496
30 13 -5947137511236972847
30 14 949032795832267528
30 15 3310658956465849213
30 16 -7846547673485465151
30 17 -4354422372629477874
30 18 1583109520299282180
30 19 -845292827359387787
30 20 -288679903543651544
30 21 1515501741168116158
30 22 796939019003404067
30 23 -1510740052298097876
30 24 -5214500892065278384
30 25 -2441980404404734047
30 26 5497213046569185394
30 27 5407202405693215811
30 28 8900772002327769080
30 29 7517537936599173469
30 30 -5709706361012914046
30 31 -2840851920978481534
30 32 -5050658341479855709
30 33 102760210426207479
30 34 7628918064579764712
30 35 -3415359043111848878
30 36 -5517939717186253287
30 37 -494421651212188322
30 38 -7230764324141242178
30 39 5519436038746490689
30 40 -4490997647886447132
30 41 -8771787548006909216
30 42 2812475950123960096
30 43 4338650623638429826
30 44 5116761205588227028
30 45 4243956010729857971
30 46 6618526690726228400
30 47 1092375957499158890
30 48 4391012711844710780
30 49 2216784720021810286
31 0 7620654200741667859
31 1 5549904867982652404
31 2 5760592612487711666
31 3 -7056323250104389491
31 4 8092253378198224242
31 5 -6641494657942914242
31 6 -3123153135799660782
31 7 4201256586277712624
31 8 -10291442559734534
31 9 7614284355379860490
31 10 -6369511401038662532
31 11 5893434394978788956
31 12 -5317482184717128100
31 13 2927305326288102718
31 14 3893687635649392018
31 15 7069544039521945080
31 16 7126498704467236430
31 17 -8083684379110260636
31 18 -8969124533475274437
31 19 -2262029403391705646
31 20 -3981382217066221817
31 21 1108833239390294571
31 22 -189433230526054365
31 23 2559554378301023064
31 24 -6700719534559189817
31 25 8692237189914796772
31 26 5903775081198459192
31 27 -2481357918598496801
31 28 1022114502771393101
31 29 3937430311292430086
31 30 5728369626734804526
31 31 6700071131172855584
31 32 -3064611538577539745
31 33 1673710294797279146
31 34 238815423255635964
31 35 1611123555316927414
31 36 8015799584551523142
31 37 2801457196214749967
31 38 -1239602630847247523
31 39 196693796958008225
31 40 -6616726647640328881
31 41 -3020710192792804073
31 42 3324634750759931217
31 43 -15703816376927547
31 44 -732110179774511797
31 45 8740506399366608840
31 46 -2824883018198186087
31 47 -5751343392516877972
31 48 -2674288022191955441
31 49 4060371655636941773
32 0 -5073982627242795714
32 1 5860479804616809664
32 2 -3447398493243128843
32 3 -5978863291784197901
32 4 -5091859614368456950
32 5 -7274564942882033838
32 6 1105490939491182938
32 7 -4309056791716571476
32 8 -260475249733418995
32 9 362340793122918806
32 10 8431804873757365022
32 11 -1170793390120694641
32 12 -4588773522199569894
32 13 -4821383906497619356
32 14 -4527407099263790809
32 15 6560755781442937558
32 16 8988587950651261511
32 17 3491398993603090297
32 18 -1831205707230961954
32 19 -7000960833998630178
32 20 -6410583866169954959
32 21 5308753395373082100
32 22 -8167792562592002128
32 23 7261598772000462763
32 24 -4733243722146765643
32 25 7779397142676249305
32 26 5796896007471139726
32 27 -8798203848598667679
32 28 -1003230666361304584
32 29 -4328129075491710063
32 30 6578062519194835821
32 31 8278036294880691916
32 32 -3798422263170585503
32 33 -4819171936212908440
32 34 9074998988138726855
32 35 2289921807250445273
32 36 -4841325376704353063
32 37 5382893040392375054
32 38 -8845997185216251111
32 39 4655425719225412635
32 40 7315599970199302802
32 41 4132184028881179415
32 42 -1882503976004644253
32 43 6848757015748332103
32 44 -7245195639544598659
32 45 -1217356983280723333
32 46 -8753667881171593813
32 47 3819021975443373496
32 48 921732656856134866
32 49 -3045750238903117802
33 0 5228045186681544314
33 1 -4402586103823918357
33 2 6967081716657002380
33 3 3090453648470816297
33 4 -6982360042981604771
33 5 -3751967872796967932
33 6 5120272868253770986
33 7 1808465373643643607
33 8 2098944588321984357
33 9 -4787777441639395000
33 10 -3177103725660723472
33 11 -3788292827105115991
33 12 7262418828283074727
33 13 -8425412383565479519
33 14 -2890859946886989596
33 15 -6540852331279393013
33 16 5424712986595955389
33 17 -5688996394817856739
33 18 -6557067989411943471
33 19 -1841256127140830515
33 20 6192516739052699716
33 21 7481614740878431087
33 22 -3180148028529050873
33 23 -3724031890827495774
33 24 -1279608088125936036
33 25 542755299859929197
33 26 3078614478391464089
33 27 -5948218695221601372
33 28 -3745057638160531157
33 29 -4381009812786138992
33 30 -4813048193787799075
33 31 -6367687662068362802
33 32 2169789838413434970
33 33 3170428447563672439
33 34 -5141110620020757520
33 35 3807702904492085377
33 36 -1512607799475891306
33 37 6963703900045255268
33 38 1606325288146171952
33 39 7230083119632961280
33 40 -248723552135241968
33 41 7527773625480120509
33 42 -7370174828166557504
33 43 -8953037830873293581
33 44 7676460090184495102
33 45 -229022188448068468
33 46 1687442803117030663
33 47 -4929824216252560664
33 48 -9097256692918056680
33 49 -1251717812327495936
34 0 -265686565490860495
34 1 -9109934537190038835
34 2 6195175842660409115
34 3 7593804269613006058
34 4 8397872793696428972
34 5 -3837207601759129480
34 6 -4122824510252640950
34 7 -8076166433154584767
34 8 6699660639088840621
34 9 -7623445010177451489
34 10 2327740799227120104
34 11 5954248510685068190
34 12 6928473527372385193
34 13 -4547245095313749792
34 14 -3874082766741474625
34 15 -1579045710279668543
34 16 4371157793737231580
34 17 1294815160886550842
34 18 -6285961596521363044
34 19 1453166213377743626
34 20 4047725665086130373
34 21 1617587837111765906
34 22 -1427414305637742384
34 23 948696890694008064
34 24 3428376652198132136
34 25 -5600307349896311632
34 26 965856382735595441
34 27 4719701783954032590
34 28 -8503015331981855989
34 29 4904343592955555391
34 30 -7022841010659768553
34 31 -2309654935998169151
34 32 -7954349062016907719
34 33 -2884559476574718128
34 34 7523794244918820319
34 35 -4064523268091701045
34 36 6524999466842584770
34 37 3291663591334769879
34 38 476564668478862699
34 39 -4044603533439564029
34 40 7877560011431395065
34 41 4924348796644282925
34 42 -3076347005526088160
34 43 -3719936387939836125
34 44 -2343616057803053963
34 45 -5272650664929001076
34 46 -8275333180435037208
34 47 6440657391105050377
34 48 7099828423279565968
34 49 8208687950862759062
35 0 6551628962099473070
35 1 -5678854569641396682
35 2 1610408958420582635
35 3 3824100084391142607
35 4 -7378185650204747036
35 5 1567249081406129746
35 6 -7389008043369540632
35 7 -2456347655140774882
35 8 -7547888789009627649
35 9 -2506719360011988058
35 10 -1799963870760217298
35 11 -5353168885941654192
35 12 -740475798858913030
35 13 8886196407620185504
35 14 1114895168335308329
35 15 -2928626780318249835
35 16 5339842665332572879
35 17 3805533807096928083
35 18 -4755578708880966008
35 19 5452018264068585473
35 20 -7599654223069135615
35 21 -1351878561975576588
35 22 -3862370465724829507
35 23 -6269683769751289844
35 24 1988270507660135446
35 25 7124567401112836958
35 26 -3750658069707719040
35 27 -2699026731060854765
35 28 -4063498317409304043
35 29 4007501696126067343
35 30 -4654632035683861171
35 31 3660945880891610837
35 32 4283402922222632204
35 33 6417523598726153257
35 34 6283778982355749601
35 35 1438540684620148470
35 36 -744622840615115892
35 37 -5393564902688228110
35 38 8824730982698144193
35 39 5211391356321879935
35 40 -5321398056140148437
35 41 -6049289157376110508
35 42 -3715103652858077773
35 43 -7204483430795006884
35 44 -7673269433188396287
35 45 6571975571209238749
35 46 -3211696051433537470
35 47 7534112190423224029
35 48 -7138159581403950037
35 49 -5714483385185113920
36 0 8889764611813344574
36 1 -8504068618844443083
36 2 -1996698468848575924
36 3 3555121259109456467
36 4 4439378687296010042
36 5 -6579329731006029826
36 6 6742130045215781383
36 7 9163724576993357967
36 8 3208051071485916173
36 9 -5028433986264217420
36 10 9084923711395163014
36 11 -484364663385987181
36 12 9152380489649328465
36 13 -3857765378621664203
36 14 -1804628684256753930
36 15 4687261806503482658
36 16 -207723989436034841
36 17 -6466201580741820857
36 18 562352034888560904
36 19 891129684696365344
36 20 -2585436839946934927
36 21 2826065293509815058
36 22 8621562127823720306
36 23 8022111194583621144
36 24 3316020852837189335
36 25 -5176829000458252382
36 26 7601259597566418284
36 27 -5516685733243762247
36 28 376245782707115715
36 29 8699206991666735718
36 30 3681177524275943476
36 31 -1913815128413176492
36 32 -3261100854399773403
36 33 5615499027895552948
36 34 6184128389741411210
36 35 9091816333776946784
36 36 5935991656607048879
36 37 -2260012825156751805
36 38 -2685600980803776972
36 39 -1284340904074633481
36 40 -8245862058009354407
36 41 -2137997360668172369
36 42 2022230664277917308
36 43 6836498386179137110
36 44 1940209003559959262
36 45 -1175519447417194248
36 46 5187633982715449005
36 47 -5794037810169775775
36 48 -4200905196105761474
36 49 1133095524909885187
37 0 91820938179465625
37 1 -8089811524560694500
37 2 3859969730337767738
37 3 2131906670819918616
37 4 -8933994167667116266
37 5 -7288432259203130061
37 6 328394556772322011
37 7 7078547445305965410
37 8 -7071053716710152068
37 9 -8754340624893491085
37 10 -1293495425836651540
37 11 4799959079671384946
37 12 -7331073840275917527
37 13 -4248634956431325874
37 14 7427335548654352507
37 15 3317722320294134973
37 16 -251495633314984195
37 17 8914237055345136732
37 18 -187063794566755492
37 19 -1735851125860374759
37 20 -9011752891120838946
37 21 5612946341395637972
37 22 5774436811502459558
37 23 -2383322155234424508
37 24 8597423747515300149
37 25 5344872568950050583
37 26 5893128130622708788
37 27 -8971907669438377635
37 28 -4449361763835372944
37 29 4146651487973376294
37 30 -3958875737428723163
37 31 8501062992132423017
37 32 -8041823532680965250
37 33 -6042314243155385561
37 34 -5558393325213821092
37 35 -797338015959893041
37 36 -7385965403505263018
37 37 7072593536217820644
37 38 4407543314947564544
37 39 3065435751103714268
37 40 4809822073540760176
37 41 1929537684127669579
37 42 -8083521133354515971
37 43 -2896161537859527104
37 44 -1804500753275399862
37 45 7387669308121641199
37 46 9038427461353798018
37 47 7158982522625510799
37 48 -8616157153498479900
37 49 -3090987819332207483
38 0 -8942205839315567230
38 1 -9168516759472273726
38 2 1270927542729523780
38 3 -4993873167067035544
38 4 4122543340750782515
38 5 8996752122143721907
38 6 1374872273249049076
38 7 -3209662669408452074
38 8 6814317670439622545
38 9 -5018687020706846300
38 10 -7072923760843575169
38 11 4571274318706080945
38 12 6415805288959521244
38 13 1280222187867084217
38 14 8345090722609038583
38 15 -6028346545537367680
38 16 -4885697257410864619
38 17 -7598052938648850055
38 18 5156925263151381362
38 19 413648919602278507
38 20 -1692721019204645755
38 21 -4986132145579344559
38 22 3412274222088698248
38 23 -5782493332150194047
38 24 8963578978653674295
38 25 -1585925526605803759
38 26 -4632654229779885353
38 27 2538459823561601142
38 28 8953164837736784505
38 29 8836785143972960877
38 30 8905500197769545087
38 31 -4758212676706617571
38 32 -6711478007260934817
38 33 5032334458201147773
38 34 7575544417045366439
38 35 -4860165122442509325
38 36 4679959439247960640
38 37 5406619459131499837
38 38 -6674406748544573706
38 39 -7006564301590134892
38 40 8058962921855176503
38 41 -8829438738391675378
38 42 -5581972417333012710
38 43 -6145430846246634429
38 44 2339442435814756003
38 45 -9207591563452595149
38 46 5600473498694054981
38 47 -2441541237256042905
38 48 -4815929300549338201
38 49 4955288343635312725
39 0 -1573655451920350038
39 1 6943717394036294920
39 2 -6193661059012608341
39 3 -617455365803123712
39 4 2687028581497388037
39 5 8309999796778674774
39 6 -1379898422926755367
39 7 -3157299609135511005
39 8 -6316994877992148976
39 9 -863060257379748830
39 10 -6155787519945376351
39 11 5020398578827190164
39 12 -7119050940920494833
39 13 -5216390911012307869
39 14 -700090775639700171
39 15 9183110854324415370
39 16 3301482320353172037
39 17 8379684313266887091
39 18 -6778748772734618866
39 19 6606013719339835425
39 20 -3443735588260936068
39 21 8153526100829523920
39 22 6845320628059940197
39 23 4323155758778305242
39 24 5981252363866346626
39 25 -1514090071988613093
39 26 -9049078005875787078
39 27 6058392511944006936
39 28 -5249210468301344858
39 29 -604852646367688164
39 30 3170757026408001105
39 31 1453385819338228899
39 32 -1949262211003731905
39 33 -5458569852040721412
39 34 7442991336554820784
39 35 6972948796082721833
39 36 3731889515514886181
39 37 -5258303250818141431
39 38 1780951478993657891
39 39 -2017739659840603208
39 40 -8273105160099258570
39 41 1050233569136520246
39 42 3408843156037293368
39 43 899690615471739206
39 44 -5986457197634818093
39 45 -7617284417874541416
39 46 -6884788950518001853
39 47 4379459552476096809
39 48 -6813710265299209376
39 49 637816579746761194
40 0 2911589629157078235
40 1 5013104305813225119
40 2 4096667301157621447
40 3 428087972357749514
40 4 -6375784955030307749
40 5 -8912459802547033016
40 6 8654194006244601590
40 7 3695857390609467514
40 8 4140139732595155042
40 9 -1804532293051632474
40 10 -7840379048539208356
40 11 -4863039174907910944
40 12 -3398086662370614188
40 13 -6565497301252449628
40 14 2202707046383211632
40 15 -5162962320143325818
40 16 3967838143205533910
40 17 -5451368109744879092
40 18 6555142121508097066
40 19 7297717068127335130
40 20 -3658343961117503403
40 21 -2097774075209625584
40 22 -8184983399596788088
40 23 -4424614227442366225
40 24 5799371873315468160
40 25 -101093139904797758
40 26 6203084528660493323
40 27 -4145475220130936837
40 28 3542955101735085514
40 29 -5966081426208391525
40 30 -4730751504893786057
40 31 6090599272314344663
40 32 -4498207760196089367
40 33 7299742346405594360
40 34 -5254439498973071850
40 35 2591154192454945154
40 36 -7046291853540002214
40 37 9026355845909167768
40 38 3175644333947890870
40 39 -625139108039232098
40 40 3954394361111275994
40 41 7681140027805884192
40 42 -6755340125779491930
40 43 -2063459873812648207
40 44 5545562226305617902
40 45 2004588475146641047
40 46 -4908204433407850627
40 47 -1901605481410661914
40 48 -8017743164950784676
40 49 -3593580395776564758
41 0 8003896398688867924
41 1 -5286869835126566390
41 2 4942482664503708848
41 3 -2349412964295281815
41 4 805604139998678086
41 5 -7559466426344621425
41 6 -973794860537322824
41 7 -1997864746580980920
41 8 7132266941407100919
41 9 -3310179187211010356
41 10 -3675262416615955704
41 11 -5081256882088843233
41 12 -7873602991275880694
41 13 -3299662272925631814
41 14 5389468182363049079
41 15 6811416569459341163
41 16 -2131528971478664534
41 17 -950987582516706439
41 18 -1695008584565459552
41 19 2839574390489517578
41 20 3878862474551612418
41 21 -6289841931335211063
41 22 -4469348252814114462
41 23 4187111029538533571
41 24 6146619180103858373
41 25 4234582759058473105
41 26 -2159535590567976095
41 27 6622344000479325372
41 28 1962446454818791335
41 29 302582501360849244
41 30 -4938680392308771709
41 31 -3908137687728881662
41 32 4304117440136180961
41 33 2812521023499598039
41 34 4410057489992308595
41 35 3920384580839772677
41 36 -1372030934301063503
41 37 -6369210596634316459
41 38 6292111709086969121
41 39 1137200594636602392
41 40 3464798192018506200
41 41 2714858451754328395
41 42 -7744365718900713153
41 43 -2519814314750172683
41 44 -2602296029869408742
41 45 -3843654416199762988
41 46 -6856056163769461050
41 47 -2507616666480289224
41 48 -3213524815416452415
41 49 -8064966757733551827
42 0 3713684040122211439
42 1 1027686500397049567
42 2 302891685455276827
42 3 -5459127625277903046
42 4 -2934457351860842181
42 5 7726107793691803088
42 6 -2223890959655554313
42 7 1055674225128419840
42 8 8745744721466691820
42 9 9176436958348566867
42 10 1129694743542215468
42 11 -521012098403097559
42 12 9041654482693570697
42 13 7193812415853758612
42 14 -1787658351385557485
42 15 -6120383674401910909
42 16 5831366766175908574
42 17 -2565558883176064990
42 18 3656753053642443784
42 19 4719297605857844609
42 20 2151203102830140665
42 21 -8168987089030419853
42 22 6868237437222168556
42 23 1576177340961040312
42 24 5448856872725076655
42 25 4551438414822762590
42 26 -2201280479987430490
42 27 -4486483416718927773
42 28 -1209220270501919979
42 29 -7577517276205059681
42 30 2797361973052396701
42 31 -1970791956637525280
42 32 3149328952391453959
42 33 3571927077324264790
42 34 -2797461621347420096
42 35 -4675203350569952207
42 36 -4049697714012257372
42 37 -6950529954636899704
42 38 -7953848075166515074
42 39 -3637450529969562756
42 40 -1498956806354744625
42 41 -8006061064266196835
42 42 6647242135261354062
42 43 -3335935475213776244
42 44 814480634790638512
42 45 -7270009032902156320
42 46 -7667665123291486167
42 47 2679989959893450317
42 48 -8334508345048833743
42 49 -1824502144158354941
43 0 -4876086531072621941
43 1 -4530255115858350253
43 2 -9146447260160525182
43 3 -7289677780432106856
43 4 -3798227584792354699
43 5 2624078506644851284
43 6 4658839340143032726
43 7 890285245517510553
43 8 -8022367126489436690
43 9 2569790874366939305
43 10 4560068344572554148
43 11 -8374591617435631136
43 12 4681274117814167165
43 13 -5050859374995765038
43 14 -5503425084369491546
43 15 3353395109269644720
43 16 3829805051248132529
43 17 2610350847903776495
43 18 1751116409167512285
43 19 1570608079061523242
43 20 6695687077454180250
43 21 -1318191800077347513
43 22 -8800486913358609589
43 23 -8859087022058443047
43 24 8013265230890771789
43 25 1467782858182354117
43 26 3964050051319302199
43 27 -7941574787199964633
43 28 5490180681644259683
43 29 1947549324765638006
43 30 5040981628542805165
43 31 6100829137377938405
43 32 6163091642561990778
43 33 -5822234727447439604
43 34 -2932219321756822021
43 35 5486950741404553415
43 36 -5003852593776240205
43 37 -8825933431712874146
43 38 8343218891833821238
43 39 1115416348756036581
43 40 -2909472239486149838
43 41 3621586980557382886
43 42 5160602659612469939
43 43 -8617848429068710084
43 44 -3394988665836286302
43 45 1079933417687630657
43 46 6594788658593698958
43 47 -6262884547034127317
43 48 -9066478967778357842
43 49 -5666750525214726221
44 0 -6879311132924380890
44 1 -354270302095158281
44 2 -5275239070687146359
44 3 1341316161469233056
44 4 -3088423821527094113
44 5 8313990461016506439
44 6 6721630068895920231
44 7 5358277114062295828
44 8 -2343153626119866274
44 9 -5853844929840723032
44 10 1487334218177566721
44 11 -6156363400786590404
44 12 3857240972989267857
44 13 1808775217902195210
44 14 104738339236043798
44 15 2156590460361983211
44 16 5875092205537899429
44 17 -8551800644894920383
44 18 5971324653065257444
44 19 -1939557635665459946
44 20 -130937810680702770
44 21 -8426035891664215675
44 22 4648091664328149427
44 23 3617896072339363160
44 24 8878754479051840130
44 25 -1843868814347575822
44 26 -7808724415388136630
44 27 -5904936988599823761
44 28 1762144568616562686
44 29 -785469337725903607
44 30 -55388165925330312
44 31 -6594680477339425091
44 32 -1551296279919456064
44 33 -279329804338603731
44 34 -6644411610479088755
44 35 8212780618806549192
44 36 -6239403758501988085
44 37 1130610308556663079
44 38 2084560514340474846
44 39 -3548333667468790342
44 40 -6943345464054907290
44 41 -82933666664257373
44 42 6932802879490073156
44 43 -4652648490542846495
44 44 -3801237643356769251
44 45 7157193219577295025
44 46 -8809401848722060387
44 47 5068106404652181808
44 48 -391277221629567042
44 49 4132892582645063748
45 0 5506064022189246282
45 1 7780884972688625085
45 2 -5095269847282582114
45 3 5947933704458204342
45 4 -3685756660372213840
45 5 -2860914027221949887
45 6 6395550597551379794
45 7 -8210222356940656062
45 8 6306114150940269239
45 9 109638376031633051
45 10 4292329245897055798
45 11 -22785537458512759
45 12 -1481362469300500914
45 13 -1658948215532909491
45 14 -3343467307932699671
45 15 1621967586837872398
45 16 904139041244730597
45 17 8725779641766713085
45 18 6843958881690671823
45 19 7158152718226736570
45 20 113736723964484081
45 21 -2639694276433318666
45 22 -4775892083115617138
45 23 -3022310378842528424
45 24 -6120659966278404501
45 25 -8635927959361810524
45 26 -4106394280267561839
45 27 2919641568923030554
45 28 3879183265906885969
45 29 7312340113711281179
45 30 -694931000999582584
45 31 -5422283667798552046
45 32 -1940579098833545180
45 33 379928219418661777
45 34 2742964386490648806
45 35 2558134837733867962
45 36 1209934441493513065
45 37 -672376591967630368
45 38 -444332765355739806
45 39 3993267134544023661
45 40 4564560655647701800
45 41 2977904389960060933
45 42 -6244740859471445641
45 43 8676223782596734699
45 44 -1055565860561780880
45 45 -7717185481105020764
45 46 7071069293679938787
45 47 -6200143875358500391
45 48 5837361908278384849
45 49 -5613034499108191103
46 0 7298396741925946412
46 1 -4146402180690775489
46 2 8566335548464162016
46 3 -3027740525362341624
46 4 6521409671503475990
46 5 -5705082541917395448
46 6 6878997678098313910
46 7 3126125571621802694
46 8 1130307239951348526
46 9 -1372796998292608891
46 10 -130554886842978446
46 11 -2758343887858477587
46 12 86041147532020803
46 13 8556867174045776618
46 14 1416953816500445874
46 15 -2055876741484687660
46 16 -7764340418254172953
46 17 4534216547572106448
46 18 -8192059425009992930
46 19 7643505930993865333
46 20 -2145377667126045454
46 21 -1469242819065234254
46 22 5021914606674537182
46 23 5776383913390903022
46 24 5823668989774281727
46 25 4219184238045094000
46 26 -3302999688682777570
46 27 -6468758725881181184
46 28 -557191729080662546
46 29 -3923566031317385778
46 30 1995352227537487249
46 31 -1642301762736817261
46 32 444441354487801696
46 33 1816031433925069558
46 34 -290731167376488725
46 35 -2477075941263467984
46 36 -2264748094107641282
46 37 6145175239433441010
46 38 -497540010956163738
46 39 -4815550655559393403
46 40 -3866781608736538061
46 41 -3658470842033432013
46 42 -5796427251076648898
46 43 9220359315491241701
46 44 3386822132259283245
46 45 1051762066563157773
46 46 -344870067881208523
46 47 5028422677348464581
46 48 -8532469528818115616
46 49 4788715053192903224
47 0 5800267175744670992
47 1 5124868119219975745
47 2 1090909763068956227
47 3 -4174018882647213231
47 4 9266301842270231
47 5 4664985585663886228
47 6 -2096286631841697776
47 7 -693729854263542442
47 8 5835790409330592409
47 9 6840280183162531
47 10 -6956948163892557496
47 11 -3674947582963859666
47 12 8425204185219590502
47 13 -7930587423743896461
47 14 7862096673899951789
47 15 4396419873066363935
47 16 6822316195079362131
47 17 -7508638737220824913
47 18 -5508114663491944889
47 19 3781789995698078806
47 20 7511456184203582650
47 21 8372865902178164259
47 22 -5656980830376119328
47 23 -4066940634579970717
47 24 -8485963470996771337
47 25 5828543170112593731
47 26 -1544919791680836216
47 27 5820571558088409786
47 28 -7048863076971766292
47 29 9034482894294468261
47 30 7574024066443184145
47 31 4729996177351417395
47 32 -4123919626896232579
47 33 5153761806643558274
47 34 5076563678662753171
47 35 -734656234709970806
47 36 -6738827873668009707
47 37 4253285742235514425
47 38 -3921584697428623382
47 39 1897406106887311840
47 40 6780973216202025248
47 41 -6336477922277087027
47 42 -5647894809457835725
47 43 2441855591471575608
47 44 1592829338277696143
47 45 7811599805439715170
47 46 -1262033690655071149
47 47 -3613488596673646085
47 48 3952015016087365975
47 49 4448549478109600963
48 0 2263178283897478000
48 1 841253765314488948
48 2 -5398533909916727566
48 3 2236139298281436895
48 4 -6024803013164889483
48 5 4970925403732018773
48 6 669294114657046236
48 7 4485296783629477704
48 8 3802099967039142802
48 9 -4015210309243549135
48 10 -3335851352657679593
48 11 3647396572264641459
48 12 6511150118922773434
48 13 2246651521190341887
48 14 -2294026938572449625
48 15 8599902069314999930
48 16 -6487335218554357980
48 17 -100320529434083171
48 18 4761527773784491031
48 19 685008195153653533
48 20 6855127978718547403
48 21 -262101320881591733
48 22 -9064902939739589133
48 23 4854045395903414972
48 24 -5300609664973301778
48 25 6695285807996087084
48 26 -219586372108562612
48 27 7677058618569559199
48 28 -8155236474130406768
48 29 1979191602196232392
48 30 -6808578804535355849
48 31 -1609887569885618513
48 32 -8675406062885164039
48 33 -4212779680030104179
48 34 -2095983108638502322
48 35 -2782377456618106374
48 36 -6469556225032124365
48 37 -2115689915674601143
48 38 -1309049757818341075
48 39 5769413246921656114
48 40 2585134855284004238
48 41 7481907024507017650
48 42 8134788698981001974
48 43 -1562632918895429841
48 44 8117462085273747740
48 45 2750324758072746718
48 46 7390011850188406478
48 47 2469587317935018856
48 48 8263508893065943861
48 49 4204440191545118667
49 0 6414151144818663262
49 1 6227678240581891710
49 2 7311658774790962165
49 3 4835986327776924376
49 4 -8530303151547713710
49 5 -3160291687233837902
49 6 -9038010039275374663
49 7 -8419236911451963830
49 8 4521607831352913373
49 9 -3073495071284536214
49 10 -3888189449833798746
49 11 7106804312775695561
49 12 4337835582960644916
49 13 2594918819747641008
49 14 -2994681975937095134
49 15 -7246835735630964256
49 16 1399504832714857742
49 17 97662178513196978
49 18 -6530004972016423079
49 19 8862700369958451840
49 20 -8483677115172334805
49 21 138760283333111619
49 22 -6718089809079204423
49 23 8875352571347379581
49 24 -3456975942124123190
49 25 -3820419266708813479
49 26 1320283306606752374
49 27 -2063264200503051249
49 28 -7355321437578110928
49 29 59793587372469901
49 30 2881532695877468679
49 31 -7335406662211960237
49 32 -8547740154557611736
49 33 4686986305087476894
49 34 -4805688511477158745
49 35 -8128389127101933624
49 36 8043122706662880126
49 37 -5280601619585098002
49 38 -7571866727078311211
49 39 -4372717095269646381
49 40 1988636228812504195
49 41 -5609084888785850621
49 42 -7299287956726294060
49 43 5071623034472135227
49 44 6928496055286404748
49 45 -5712305042386467576
49 46 3189143694130221100
49 47 8549982043139287981
49 48 -1590856382889802381
49 49 7830665141193388105
2502654918692454951
8006897624993224249
5585719186624250644
-2291919021793816646
8083324063250716245
-2862949301944688173
8058209150394268625
-6767490831324896655
-6919172216714982904
4498623162986460371
835218039622261519
-6509765552929249240
-4108169357423835687
-6348329959605019531
-6880597614948341833
3666558052992586172
6734126483575112225
7237571717838013786
-8529713156512927562
-2390600110516780624
-4621120308835435647
-651740770280668154
5884579467009689981
7485555291892767915
-4520309103791671462
-8552223802028348064
-7091347719674128767
-7172491732990383627
-3552260989299074986
-7948441384130953420
3358366632534092220
-2452892392636578818
-6856724841750347043
3452642761089685684
-8192323034446975190
7298248328263014616
6770625694025601441
5807943632590799603
-1100345081889560243
2974641815253760696
6610774709437159955
-3230092009761797783
-5081489010655085142
3080827338157801593
7327428992233341163
-4108197187174800782
-2718388940952301238
-794309915450575336
-8499145755731075420
5991204910160340942
