50
0 0 2
0 1 2
0 2 1
0 3 1
0 4 1
0 5 0
0 6 2
0 7 0
0 8 0
0 9 1
0 10 0
0 11 1
0 12 2
0 13 2
0 14 0
0 15 2
0 16 0
0 17 1
0 18 1
0 19 2
0 20 1
0 21 2
0 22 1
0 23 1
0 24 0
0 25 1
0 26 0
0 27 2
0 28 0
0 29 0
0 30 1
0 31 2
0 32 2
0 33 2
0 34 0
0 35 0
0 36 0
0 37 2
0 38 0
0 39 0
0 40 1
0 41 2
0 42 1
0 43 2
0 44 1
0 45 1
0 46 1
0 47 1
0 48 1
0 49 1
1 0 1
1 1 0
1 2 2
1 3 1
1 4 2
1 5 1
1 6 1
1 7 1
1 8 2
1 9 1
1 10 1
1 11 1
1 12 1
1 13 0
1 14 2
1 15 1
1 16 2
1 17 2
1 18 0
1 19 1
1 20 1
1 21 0
1 22 0
1 23 2
1 24 1
1 25 1
1 26 1
1 27 1
1 28 0
1 29 2
1 30 2
1 31 0
1 32 2
1 33 0
1 34 1
1 35 1
1 36 1
1 37 2
1 38 1
1 39 1
1 40 2
1 41 1
1 42 2
1 43 2
1 44 1
1 45 2
1 46 1
1 47 0
1 48 0
1 49 0
2 0 1
2 1 2
2 2 1
2 3 2
2 4 0
2 5 1
2 6 2
2 7 2
2 8 2
2 9 0
2 10 2
2 11 1
2 12 1
2 13 2
2 14 1
2 15 1
2 16 2
2 17 0
2 18 2
2 19 2
2 20 2
2 21 0
2 22 1
2 23 1
2 24 0
2 25 0
2 26 1
2 27 2
2 28 1
2 29 2
2 30 1
2 31 0
2 32 0
2 33 2
2 34 0
2 35 2
2 36 1
2 37 2
2 38 2
2 39 0
2 40 2
2 41 1
2 42 1
2 43 0
2 44 1
2 45 2
2 46 0
2 47 0
2 48 0
2 49 2
3 0 1
3 1 0
3 2 2
3 3 0
3 4 0
3 5 1
3 6 1
3 7 2
3 8 2
3 9 0
3 10 1
3 11 0
3 12 1
3 13 0
3 14 0
3 15 2
3 16 1
3 17 0
3 18 2
3 19 0
3 20 0
3 21 1
3 22 1
3 23 2
3 24 0
3 25 2
3 26 2
3 27 2
3 28 0
3 29 0
3 30 2
3 31 2
3 32 0
3 33 1
3 34 2
3 35 1
3 36 2
3 37 0
3 38 0
3 39 2
3 40 0
3 41 0
3 42 1
3 43 1
3 44 0
3 45 1
3 46 2
3 47 0
3 48 0
3 49 0
4 0 2
4 1 0
4 2 0
4 3 0
4 4 0
4 5 1
4 6 0
4 7 2
4 8 1
4 9 0
4 10 2
4 11 1
4 12 1
4 13 0
4 14 0
4 15 2
4 16 1
4 17 0
4 18 0
4 19 2
4 20 1
4 21 1
4 22 1
4 23 2
4 24 2
4 25 1
4 26 0
4 27 0
4 28 2
4 29 0
4 30 0
4 31 1
4 32 2
4 33 2
4 34 0
4 35 0
4 36 0
4 37 0
4 38 2
4 39 1
4 40 2
4 41 0
4 42 2
4 43 0
4 44 2
4 45 1
4 46 2
4 47 0
4 48 0
4 49 0
5 0 1
5 1 2
5 2 2
5 3 2
5 4 0
5 5 0
5 6 0
5 7 0
5 8 0
5 9 0
5 10 0
5 11 0
5 12 2
5 13 2
5 14 2
5 15 0
5 16 0
5 17 2
5 18 0
5 19 1
5 20 1
5 21 0
5 22 2
5 23 0
5 24 0
5 25 2
5 26 0
5 27 2
5 28 0
5 29 1
5 30 2
5 31 2
5 32 1
5 33 0
5 34 0
5 35 0
5 36 1
5 37 2
5 38 2
5 39 2
5 40 2
5 41 1
5 42 2
5 43 2
5 44 0
5 45 1
5 46 0
5 47 2
5 48 0
5 49 1
6 0 0
6 1 1
6 2 1
6 3 0
6 4 0
6 5 2
6 6 1
6 7 1
6 8 2
6 9 2
6 10 1
6 11 0
6 12 0
6 13 1
6 14 2
6 15 2
6 16 0
6 17 0
6 18 0
6 19 2
6 20 1
6 21 2
6 22 0
6 23 2
6 24 1
6 25 1
6 26 0
6 27 2
6 28 0
6 29 0
6 30 1
6 31 2
6 32 2
6 33 0
6 34 0
6 35 2
6 36 2
6 37 1
6 38 2
6 39 0
6 40 1
6 41 2
6 42 1
6 43 1
6 44 2
6 45 0
6 46 0
6 47 2
6 48 0
6 49 1
7 0 2
7 1 2
7 2 0
7 3 1
7 4 0
7 5 1
7 6 2
7 7 1
7 8 0
7 9 1
7 10 0
7 11 2
7 12 1
7 13 2
7 14 1
7 15 0
7 16 1
7 17 1
7 18 0
7 19 0
7 20 0
7 21 0
7 22 1
7 23 1
7 24 1
7 25 1
7 26 1
7 27 2
7 28 2
7 29 1
7 30 2
7 31 1
7 32 1
7 33 0
7 34 0
7 35 2
7 36 0
7 37 1
7 38 2
7 39 2
7 40 1
7 41 2
7 42 1
7 43 2
7 44 1
7 45 2
7 46 2
7 47 2
7 48 1
7 49 0
8 0 1
8 1 1
8 2 1
8 3 0
8 4 1
8 5 2
8 6 1
8 7 0
8 8 0
8 9 0
8 10 2
8 11 2
8 12 2
8 13 0
8 14 0
8 15 0
8 16 1
8 17 2
8 18 2
8 19 0
8 20 2
8 21 2
8 22 0
8 23 0
8 24 2
8 25 2
8 26 0
8 27 0
8 28 0
8 29 1
8 30 2
8 31 1
8 32 2
8 33 2
8 34 1
8 35 1
8 36 0
8 37 2
8 38 2
8 39 0
8 40 1
8 41 1
8 42 2
8 43 1
8 44 1
8 45 0
8 46 0
8 47 2
8 48 1
8 49 1
9 0 2
9 1 1
9 2 1
9 3 1
9 4 2
9 5 1
9 6 0
9 7 0
9 8 2
9 9 1
9 10 0
9 11 2
9 12 2
9 13 2
9 14 1
9 15 1
9 16 1
9 17 0
9 18 2
9 19 2
9 20 1
9 21 0
9 22 2
9 23 2
9 24 0
9 25 1
9 26 0
9 27 1
9 28 2
9 29 2
9 30 1
9 31 1
9 32 1
9 33 0
9 34 2
9 35 0
9 36 0
9 37 0
9 38 0
9 39 0
9 40 0
9 41 2
9 42 2
9 43 0
9 44 2
9 45 2
9 46 2
9 47 1
9 48 1
9 49 0
10 0 1
10 1 0
10 2 1
10 3 2
10 4 2
10 5 0
10 6 1
10 7 0
10 8 2
10 9 2
10 10 2
10 11 1
10 12 1
10 13 1
10 14 0
10 15 0
10 16 2
10 17 0
10 18 1
10 19 1
10 20 1
10 21 0
10 22 0
10 23 2
10 24 1
10 25 2
10 26 2
10 27 0
10 28 2
10 29 1
10 30 0
10 31 1
10 32 2
10 33 0
10 34 2
10 35 2
10 36 1
10 37 2
10 38 1
10 39 2
10 40 2
10 41 0
10 42 2
10 43 0
10 44 1
10 45 2
10 46 1
10 47 1
10 48 1
10 49 1
11 0 0
11 1 1
11 2 2
11 3 0
11 4 0
11 5 2
11 6 0
11 7 1
11 8 2
11 9 0
11 10 0
11 11 0
11 12 2
11 13 1
11 14 2
11 15 2
11 16 0
11 17 2
11 18 1
11 19 0
11 20 2
11 21 0
11 22 0
11 23 2
11 24 0
11 25 0
11 26 2
11 27 1
11 28 2
11 29 2
11 30 2
11 31 0
11 32 2
11 33 0
11 34 0
11 35 1
11 36 1
11 37 1
11 38 0
11 39 0
11 40 1
11 41 0
11 42 0
11 43 0
11 44 1
11 45 1
11 46 1
11 47 2
11 48 2
11 49 1
12 0 0
12 1 2
12 2 2
12 3 0
12 4 2
12 5 1
12 6 0
12 7 1
12 8 0
12 9 2
12 10 1
12 11 1
12 12 1
12 13 1
12 14 2
12 15 0
12 16 2
12 17 2
12 18 2
12 19 0
12 20 1
12 21 1
12 22 2
12 23 0
12 24 0
12 25 2
12 26 1
12 27 0
12 28 1
12 29 2
12 30 2
12 31 1
12 32 2
12 33 1
12 34 1
12 35 0
12 36 1
12 37 0
12 38 0
12 39 1
12 40 2
12 41 2
12 42 2
12 43 1
12 44 0
12 45 0
12 46 1
12 47 0
12 48 1
12 49 0
13 0 2
13 1 1
13 2 0
13 3 1
13 4 1
13 5 2
13 6 0
13 7 0
13 8 2
13 9 2
13 10 1
13 11 0
13 12 1
13 13 2
13 14 1
13 15 1
13 16 1
13 17 1
13 18 0
13 19 0
13 20 0
13 21 2
13 22 1
13 23 0
13 24 0
13 25 2
13 26 2
13 27 0
13 28 2
13 29 1
13 30 0
13 31 1
13 32 1
13 33 0
13 34 1
13 35 1
13 36 0
13 37 2
13 38 1
13 39 1
13 40 1
13 41 1
13 42 1
13 43 1
13 44 0
13 45 0
13 46 0
13 47 0
13 48 0
13 49 0
14 0 2
14 1 0
14 2 2
14 3 1
14 4 1
14 5 0
14 6 0
14 7 2
14 8 0
14 9 1
14 10 2
14 11 1
14 12 1
14 13 2
14 14 2
14 15 1
14 16 1
14 17 1
14 18 1
14 19 0
14 20 2
14 21 2
14 22 1
14 23 2
14 24 2
14 25 2
14 26 0
14 27 0
14 28 1
14 29 1
14 30 1
14 31 1
14 32 1
14 33 0
14 34 1
14 35 2
14 36 2
14 37 2
14 38 0
14 39 0
14 40 0
14 41 0
14 42 0
14 43 0
14 44 0
14 45 1
14 46 0
14 47 0
14 48 0
14 49 0
15 0 1
15 1 1
15 2 2
15 3 2
15 4 0
15 5 1
15 6 0
15 7 0
15 8 1
15 9 0
15 10 2
15 11 2
15 12 1
15 13 1
15 14 0
15 15 1
15 16 0
15 17 2
15 18 2
15 19 0
15 20 1
15 21 1
15 22 2
15 23 1
15 24 2
15 25 0
15 26 0
15 27 1
15 28 2
15 29 1
15 30 0
15 31 2
15 32 0
15 33 1
15 34 1
15 35 1
15 36 0
15 37 0
15 38 0
15 39 2
15 40 1
15 41 1
15 42 2
15 43 1
15 44 0
15 45 2
15 46 1
15 47 1
15 48 0
15 49 0
16 0 1
16 1 0
16 2 0
16 3 1
16 4 1
16 5 0
16 6 0
16 7 1
16 8 2
16 9 2
16 10 1
16 11 0
16 12 1
16 13 2
16 14 2
16 15 2
16 16 0
16 17 2
16 18 1
16 19 1
16 20 2
16 21 0
16 22 0
16 23 2
16 24 0
16 25 1
16 26 1
16 27 2
16 28 2
16 29 0
16 30 0
16 31 0
16 32 2
16 33 1
16 34 0
16 35 2
16 36 0
16 37 2
16 38 2
16 39 0
16 40 2
16 41 1
16 42 1
16 43 1
16 44 0
16 45 2
16 46 2
16 47 2
16 48 1
16 49 1
17 0 2
17 1 2
17 2 1
17 3 1
17 4 1
17 5 1
17 6 1
17 7 1
17 8 2
17 9 1
17 10 1
17 11 2
17 12 2
17 13 0
17 14 2
17 15 2
17 16 0
17 17 2
17 18 0
17 19 1
17 20 1
17 21 1
17 22 0
17 23 1
17 24 2
17 25 1
17 26 0
17 27 2
17 28 1
17 29 2
17 30 1
17 31 1
17 32 0
17 33 2
17 34 2
17 35 0
17 36 0
17 37 1
17 38 1
17 39 1
17 40 0
17 41 0
17 42 0
17 43 0
17 44 2
17 45 1
17 46 2
17 47 1
17 48 0
17 49 1
18 0 0
18 1 0
18 2 1
18 3 2
18 4 0
18 5 0
18 6 2
18 7 2
18 8 0
18 9 0
18 10 2
18 11 1
18 12 1
18 13 2
18 14 1
18 15 2
18 16 0
18 17 0
18 18 2
18 19 1
18 20 1
18 21 0
18 22 2
18 23 1
18 24 2
18 25 1
18 26 1
18 27 1
18 28 0
18 29 2
18 30 1
18 31 1
18 32 0
18 33 1
18 34 0
18 35 0
18 36 0
18 37 1
18 38 1
18 39 0
18 40 1
18 41 2
18 42 1
18 43 2
18 44 0
18 45 2
18 46 0
18 47 0
18 48 2
18 49 2
19 0 2
19 1 2
19 2 2
19 3 1
19 4 0
19 5 2
19 6 2
19 7 2
19 8 1
19 9 2
19 10 1
19 11 2
19 12 0
19 13 0
19 14 2
19 15 2
19 16 0
19 17 1
19 18 2
19 19 0
19 20 2
19 21 2
19 22 2
19 23 0
19 24 1
19 25 2
19 26 0
19 27 0
19 28 2
19 29 0
19 30 1
19 31 2
19 32 2
19 33 2
19 34 0
19 35 0
19 36 0
19 37 2
19 38 0
19 39 1
19 40 0
19 41 1
19 42 1
19 43 2
19 44 2
19 45 2
19 46 2
19 47 2
19 48 1
19 49 1
20 0 1
20 1 2
20 2 1
20 3 1
20 4 0
20 5 1
20 6 2
20 7 1
20 8 1
20 9 1
20 10 1
20 11 0
20 12 0
20 13 0
20 14 1
20 15 2
20 16 0
20 17 2
20 18 0
20 19 2
20 20 2
20 21 0
20 22 2
20 23 0
20 24 0
20 25 0
20 26 1
20 27 1
20 28 0
20 29 2
20 30 0
20 31 2
20 32 1
20 33 1
20 34 2
20 35 2
20 36 0
20 37 0
20 38 2
20 39 2
20 40 1
20 41 0
20 42 1
20 43 1
20 44 2
20 45 2
20 46 2
20 47 2
20 48 1
20 49 0
21 0 0
21 1 0
21 2 2
21 3 2
21 4 2
21 5 0
21 6 1
21 7 1
21 8 0
21 9 2
21 10 1
21 11 2
21 12 2
21 13 2
21 14 0
21 15 2
21 16 2
21 17 1
21 18 1
21 19 0
21 20 1
21 21 1
21 22 2
21 23 2
21 24 1
21 25 0
21 26 0
21 27 1
21 28 2
21 29 0
21 30 1
21 31 1
21 32 0
21 33 2
21 34 0
21 35 0
21 36 1
21 37 2
21 38 2
21 39 0
21 40 2
21 41 0
21 42 1
21 43 2
21 44 1
21 45 1
21 46 2
21 47 1
21 48 2
21 49 0
22 0 1
22 1 0
22 2 2
22 3 2
22 4 1
22 5 2
22 6 1
22 7 1
22 8 1
22 9 2
22 10 1
22 11 0
22 12 0
22 13 0
22 14 2
22 15 0
22 16 2
22 17 1
22 18 2
22 19 0
22 20 2
22 21 2
22 22 2
22 23 0
22 24 0
22 25 2
22 26 1
22 27 0
22 28 0
22 29 2
22 30 2
22 31 2
22 32 2
22 33 1
22 34 0
22 35 0
22 36 0
22 37 0
22 38 0
22 39 2
22 40 1
22 41 0
22 42 0
22 43 2
22 44 1
22 45 2
22 46 1
22 47 2
22 48 1
22 49 1
23 0 1
23 1 0
23 2 1
23 3 0
23 4 2
23 5 2
23 6 1
23 7 1
23 8 1
23 9 0
23 10 1
23 11 0
23 12 2
23 13 1
23 14 1
23 15 2
23 16 2
23 17 0
23 18 0
23 19 1
23 20 2
23 21 0
23 22 1
23 23 2
23 24 1
23 25 2
23 26 0
23 27 0
23 28 2
23 29 2
23 30 2
23 31 2
23 32 0
23 33 1
23 34 1
23 35 1
23 36 2
23 37 0
23 38 1
23 39 1
23 40 0
23 41 0
23 42 1
23 43 1
23 44 2
23 45 0
23 46 1
23 47 1
23 48 1
23 49 1
24 0 0
24 1 2
24 2 0
24 3 1
24 4 2
24 5 0
24 6 0
24 7 2
24 8 1
24 9 0
24 10 0
24 11 1
24 12 0
24 13 1
24 14 2
24 15 0
24 16 2
24 17 1
24 18 0
24 19 1
24 20 2
24 21 1
24 22 0
24 23 0
24 24 2
24 25 2
24 26 2
24 27 1
24 28 1
24 29 0
24 30 0
24 31 2
24 32 2
24 33 1
24 34 1
24 35 2
24 36 1
24 37 0
24 38 0
24 39 2
24 40 2
24 41 1
24 42 0
24 43 2
24 44 0
24 45 1
24 46 1
24 47 2
24 48 0
24 49 0
25 0 0
25 1 1
25 2 1
25 3 0
25 4 1
25 5 1
25 6 1
25 7 0
25 8 2
25 9 0
25 10 1
25 11 0
25 12 2
25 13 0
25 14 2
25 15 0
25 16 0
25 17 0
25 18 2
25 19 1
25 20 0
25 21 1
25 22 2
25 23 1
25 24 1
25 25 2
25 26 2
25 27 1
25 28 2
25 29 1
25 30 1
25 31 2
25 32 2
25 33 0
25 34 0
25 35 0
25 36 1
25 37 0
25 38 1
25 39 1
25 40 2
25 41 1
25 42 1
25 43 1
25 44 1
25 45 1
25 46 2
25 47 2
25 48 0
25 49 1
26 0 1
26 1 0
26 2 0
26 3 2
26 4 1
26 5 0
26 6 2
26 7 2
26 8 0
26 9 1
26 10 2
26 11 2
26 12 2
26 13 1
26 14 1
26 15 2
26 16 1
26 17 0
26 18 0
26 19 1
26 20 0
26 21 1
26 22 1
26 23 0
26 24 0
26 25 0
26 26 2
26 27 2
26 28 0
26 29 1
26 30 2
26 31 0
26 32 1
26 33 1
26 34 1
26 35 2
26 36 0
26 37 2
26 38 1
26 39 1
26 40 0
26 41 0
26 42 0
26 43 1
26 44 0
26 45 2
26 46 0
26 47 0
26 48 2
26 49 0
27 0 2
27 1 2
27 2 0
27 3 0
27 4 0
27 5 1
27 6 1
27 7 0
27 8 2
27 9 2
27 10 1
27 11 0
27 12 1
27 13 1
27 14 1
27 15 0
27 16 1
27 17 2
27 18 1
27 19 2
27 20 1
27 21 2
27 22 2
27 23 0
27 24 0
27 25 2
27 26 0
27 27 1
27 28 0
27 29 2
27 30 0
27 31 2
27 32 0
27 33 1
27 34 1
27 35 1
27 36 2
27 37 1
27 38 1
27 39 1
27 40 2
27 41 2
27 42 0
27 43 2
27 44 1
27 45 1
27 46 1
27 47 0
27 48 1
27 49 0
28 0 2
28 1 0
28 2 2
28 3 0
28 4 2
28 5 1
28 6 0
28 7 0
28 8 1
28 9 1
28 10 1
28 11 0
28 12 1
28 13 0
28 14 0
28 15 0
28 16 1
28 17 0
28 18 2
28 19 1
28 20 0
28 21 1
28 22 2
28 23 2
28 24 0
28 25 1
28 26 1
28 27 2
28 28 0
28 29 1
28 30 2
28 31 2
28 32 2
28 33 1
28 34 2
28 35 1
28 36 0
28 37 2
28 38 1
28 39 1
28 40 0
28 41 1
28 42 1
28 43 2
28 44 2
28 45 1
28 46 0
28 47 2
28 48 0
28 49 2
29 0 0
29 1 1
29 2 2
29 3 2
29 4 0
29 5 1
29 6 2
29 7 1
29 8 1
29 9 1
29 10 0
29 11 0
29 12 2
29 13 2
29 14 0
29 15 0
29 16 2
29 17 0
29 18 2
29 19 2
29 20 0
29 21 1
29 22 2
29 23 1
29 24 0
29 25 0
29 26 2
29 27 0
29 28 0
29 29 2
29 30 2
29 31 2
29 32 2
29 33 2
29 34 1
29 35 1
29 36 0
29 37 0
29 38 2
29 39 2
29 40 1
29 41 1
29 42 2
29 43 1
29 44 2
29 45 2
29 46 0
29 47 1
29 48 1
29 49 1
30 0 2
30 1 2
30 2 2
30 3 0
30 4 2
30 5 0
30 6 2
30 7 1
30 8 0
30 9 0
30 10 2
30 11 0
30 12 0
30 13 1
30 14 1
30 15 2
30 16 1
30 17 1
30 18 0
30 19 1
30 20 0
30 21 1
30 22 2
30 23 0
30 24 0
30 25 0
30 26 0
30 27 1
30 28 1
30 29 2
30 30 0
30 31 0
30 32 2
30 33 2
30 34 1
30 35 2
30 36 0
30 37 0
30 38 1
30 39 1
30 40 1
30 41 0
30 42 0
30 43 1
30 44 0
30 45 1
30 46 2
30 47 1
30 48 1
30 49 0
31 0 1
31 1 2
31 2 0
31 3 0
31 4 1
31 5 2
31 6 2
31 7 0
31 8 2
31 9 2
31 10 0
31 11 0
31 12 2
31 13 2
31 14 0
31 15 2
31 16 1
31 17 1
31 18 0
31 19 2
31 20 2
31 21 0
31 22 1
31 23 1
31 24 0
31 25 0
31 26 1
31 27 0
31 28 0
31 29 0
31 30 0
31 31 1
31 32 1
31 33 0
31 34 2
31 35 2
31 36 2
31 37 2
31 38 2
31 39 2
31 40 1
31 41 0
31 42 2
31 43 2
31 44 2
31 45 2
31 46 0
31 47 1
31 48 1
31 49 2
32 0 0
32 1 2
32 2 2
32 3 2
32 4 1
32 5 1
32 6 0
32 7 1
32 8 2
32 9 2
32 10 2
32 11 2
32 12 2
32 13 0
32 14 0
32 15 2
32 16 2
32 17 1
32 18 1
32 19 2
32 20 1
32 21 0
32 22 1
32 23 0
32 24 1
32 25 1
32 26 1
32 27 0
32 28 1
32 29 1
32 30 1
32 31 0
32 32 2
32 33 2
32 34 1
32 35 0
32 36 2
32 37 2
32 38 0
32 39 0
32 40 2
32 41 1
32 42 0
32 43 0
32 44 2
32 45 1
32 46 2
32 47 2
32 48 2
32 49 0
33 0 1
33 1 0
33 2 1
33 3 0
33 4 1
33 5 0
33 6 1
33 7 1
33 8 2
33 9 0
33 10 0
33 11 0
33 12 1
33 13 2
33 14 0
33 15 2
33 16 1
33 17 0
33 18 0
33 19 2
33 20 1
33 21 0
33 22 1
33 23 0
33 24 2
33 25 0
33 26 0
33 27 2
33 28 0
33 29 1
33 30 1
33 31 0
33 32 2
33 33 1
33 34 2
33 35 1
33 36 1
33 37 1
33 38 1
33 39 1
33 40 0
33 41 1
33 42 0
33 43 0
33 44 0
33 45 1
33 46 1
33 47 2
33 48 2
33 49 1
34 0 0
34 1 2
34 2 2
34 3 2
34 4 2
34 5 0
34 6 0
34 7 0
34 8 1
34 9 2
34 10 1
34 11 2
34 12 0
34 13 1
34 14 2
34 15 0
34 16 2
34 17 2
34 18 0
34 19 1
34 20 2
34 21 0
34 22 1
34 23 1
34 24 1
34 25 2
34 26 1
34 27 1
34 28 0
34 29 1
34 30 2
34 31 1
34 32 2
34 33 0
34 34 0
34 35 2
34 36 0
34 37 0
34 38 0
34 39 0
34 40 0
34 41 0
34 42 0
34 43 2
34 44 2
34 45 1
34 46 1
34 47 0
34 48 2
34 49 1
35 0 2
35 1 1
35 2 0
35 3 1
35 4 0
35 5 1
35 6 2
35 7 2
35 8 0
35 9 1
35 10 0
35 11 0
35 12 1
35 13 1
35 14 2
35 15 2
35 16 2
35 17 0
35 18 0
35 19 0
35 20 2
35 21 0
35 22 0
35 23 2
35 24 0
35 25 1
35 26 0
35 27 2
35 28 2
35 29 0
35 30 1
35 31 1
35 32 2
35 33 0
35 34 0
35 35 2
35 36 1
35 37 1
35 38 1
35 39 2
35 40 0
35 41 1
35 42 1
35 43 0
35 44 2
35 45 0
35 46 0
35 47 2
35 48 1
35 49 0
36 0 0
36 1 1
36 2 0
36 3 2
36 4 2
36 5 2
36 6 0
36 7 2
36 8 2
36 9 2
36 10 2
36 11 2
36 12 1
36 13 1
36 14 0
36 15 2
36 16 1
36 17 0
36 18 1
36 19 0
36 20 1
36 21 2
36 22 0
36 23 1
36 24 2
36 25 1
36 26 2
36 27 0
36 28 2
36 29 1
36 30 1
36 31 2
36 32 1
36 33 0
36 34 1
36 35 0
36 36 2
36 37 2
36 38 0
36 39 1
36 40 1
36 41 1
36 42 1
36 43 2
36 44 2
36 45 2
36 46 2
36 47 2
36 48 1
36 49 2
37 0 0
37 1 0
37 2 1
37 3 0
37 4 1
37 5 1
37 6 2
37 7 2
37 8 2
37 9 0
37 10 1
37 11 1
37 12 2
37 13 1
37 14 0
37 15 2
37 16 0
37 17 1
37 18 2
37 19 2
37 20 1
37 21 0
37 22 0
37 23 1
37 24 0
37 25 2
37 26 0
37 27 0
37 28 0
37 29 2
37 30 1
37 31 1
37 32 0
37 33 2
37 34 2
37 35 1
37 36 1
37 37 0
37 38 2
37 39 1
37 40 2
37 41 2
37 42 0
37 43 0
37 44 2
37 45 0
37 46 0
37 47 2
37 48 1
37 49 2
38 0 2
38 1 0
38 2 0
38 3 1
38 4 1
38 5 2
38 6 0
38 7 2
38 8 1
38 9 0
38 10 1
38 11 1
38 12 2
38 13 0
38 14 0
38 15 1
38 16 2
38 17 0
38 18 1
38 19 2
38 20 2
38 21 1
38 22 2
38 23 2
38 24 1
38 25 1
38 26 1
38 27 1
38 28 1
38 29 0
38 30 1
38 31 2
38 32 2
38 33 2
38 34 2
38 35 2
38 36 2
38 37 1
38 38 0
38 39 0
38 40 1
38 41 1
38 42 2
38 43 1
38 44 1
38 45 1
38 46 0
38 47 2
38 48 1
38 49 1
39 0 0
39 1 1
39 2 1
39 3 0
39 4 2
39 5 1
39 6 1
39 7 1
39 8 0
39 9 0
39 10 1
39 11 2
39 12 1
39 13 0
39 14 2
39 15 2
39 16 0
39 17 0
39 18 1
39 19 1
39 20 1
39 21 0
39 22 2
39 23 0
39 24 0
39 25 2
39 26 2
39 27 2
39 28 1
39 29 1
39 30 1
39 31 0
39 32 2
39 33 2
39 34 0
39 35 0
39 36 1
39 37 2
39 38 0
39 39 2
39 40 2
39 41 2
39 42 1
39 43 1
39 44 1
39 45 2
39 46 2
39 47 0
39 48 0
39 49 1
40 0 2
40 1 0
40 2 1
40 3 2
40 4 2
40 5 1
40 6 1
40 7 0
40 8 0
40 9 1
40 10 0
40 11 1
40 12 2
40 13 2
40 14 0
40 15 0
40 16 1
40 17 0
40 18 0
40 19 0
40 20 2
40 21 0
40 22 2
40 23 0
40 24 0
40 25 0
40 26 2
40 27 0
40 28 2
40 29 1
40 30 0
40 31 1
40 32 2
40 33 1
40 34 2
40 35 2
40 36 0
40 37 0
40 38 1
40 39 0
40 40 1
40 41 1
40 42 0
40 43 2
40 44 1
40 45 1
40 46 1
40 47 2
40 48 2
40 49 0
41 0 1
41 1 0
41 2 1
41 3 0
41 4 0
41 5 1
41 6 2
41 7 2
41 8 2
41 9 0
41 10 0
41 11 2
41 12 2
41 13 2
41 14 1
41 15 0
41 16 2
41 17 2
41 18 1
41 19 2
41 20 2
41 21 1
41 22 0
41 23 1
41 24 2
41 25 2
41 26 0
41 27 1
41 28 0
41 29 2
41 30 1
41 31 0
41 32 2
41 33 1
41 34 1
41 35 0
41 36 2
41 37 0
41 38 2
41 39 2
41 40 1
41 41 1
41 42 1
41 43 2
41 44 1
41 45 0
41 46 1
41 47 2
41 48 2
41 49 1
42 0 1
42 1 0
42 2 0
42 3 1
42 4 1
42 5 0
42 6 0
42 7 0
42 8 0
42 9 1
42 10 2
42 11 0
42 12 1
42 13 2
42 14 1
42 15 1
42 16 2
42 17 1
42 18 2
42 19 2
42 20 0
42 21 0
42 22 2
42 23 1
42 24 2
42 25 1
42 26 0
42 27 1
42 28 2
42 29 1
42 30 0
42 31 2
42 32 0
42 33 2
42 34 0
42 35 2
42 36 2
42 37 1
42 38 0
42 39 2
42 40 1
42 41 0
42 42 1
42 43 1
42 44 2
42 45 1
42 46 1
42 47 0
42 48 2
42 49 0
43 0 0
43 1 0
43 2 2
43 3 1
43 4 0
43 5 0
43 6 0
43 7 0
43 8 1
43 9 0
43 10 2
43 11 2
43 12 2
43 13 2
43 14 0
43 15 0
43 16 2
43 17 2
43 18 2
43 19 0
43 20 2
43 21 0
43 22 2
43 23 2
43 24 2
43 25 1
43 26 1
43 27 0
43 28 2
43 29 1
43 30 0
43 31 0
43 32 0
43 33 1
43 34 2
43 35 1
43 36 2
43 37 2
43 38 0
43 39 2
43 40 1
43 41 0
43 42 1
43 43 0
43 44 0
43 45 2
43 46 2
43 47 2
43 48 2
43 49 1
44 0 1
44 1 2
44 2 1
44 3 1
44 4 1
44 5 2
44 6 1
44 7 2
44 8 2
44 9 1
44 10 0
44 11 1
44 12 2
44 13 0
44 14 0
44 15 0
44 16 0
44 17 0
44 18 1
44 19 1
44 20 0
44 21 2
44 22 2
44 23 0
44 24 2
44 25 1
44 26 1
44 27 1
44 28 1
44 29 0
44 30 0
44 31 2
44 32 0
44 33 0
44 34 2
44 35 1
44 36 1
44 37 1
44 38 0
44 39 1
44 40 2
44 41 2
44 42 1
44 43 2
44 44 2
44 45 0
44 46 0
44 47 0
44 48 1
44 49 2
45 0 0
45 1 0
45 2 1
45 3 2
45 4 2
45 5 2
45 6 2
45 7 2
45 8 2
45 9 0
45 10 1
45 11 0
45 12 1
45 13 1
45 14 0
45 15 2
45 16 2
45 17 2
45 18 1
45 19 2
45 20 1
45 21 0
45 22 2
45 23 2
45 24 2
45 25 0
45 26 1
45 27 0
45 28 1
45 29 0
45 30 2
45 31 0
45 32 1
45 33 1
45 34 0
45 35 2
45 36 1
45 37 2
45 38 2
45 39 1
45 40 2
45 41 0
45 42 2
45 43 2
45 44 0
45 45 2
45 46 2
45 47 1
45 48 2
45 49 0
46 0 0
46 1 2
46 2 2
46 3 2
46 4 2
46 5 2
46 6 1
46 7 1
46 8 0
46 9 0
46 10 2
46 11 1
46 12 2
46 13 1
46 14 0
46 15 1
46 16 2
46 17 1
46 18 0
46 19 0
46 20 1
46 21 2
46 22 0
46 23 0
46 24 2
46 25 2
46 26 1
46 27 2
46 28 1
46 29 0
46 30 0
46 31 0
46 32 2
46 33 1
46 34 2
46 35 2
46 36 2
46 37 1
46 38 0
46 39 0
46 40 2
46 41 1
46 42 1
46 43 1
46 44 1
46 45 2
46 46 2
46 47 1
46 48 2
46 49 2
47 0 0
47 1 2
47 2 1
47 3 1
47 4 2
47 5 0
47 6 0
47 7 1
47 8 2
47 9 0
47 10 0
47 11 0
47 12 0
47 13 2
47 14 2
47 15 2
47 16 2
47 17 2
47 18 0
47 19 1
47 20 0
47 21 0
47 22 2
47 23 2
47 24 1
47 25 0
47 26 0
47 27 2
47 28 2
47 29 0
47 30 1
47 31 1
47 32 1
47 33 1
47 34 2
47 35 2
47 36 0
47 37 0
47 38 1
47 39 0
47 40 1
47 41 2
47 42 1
47 43 1
47 44 0
47 45 1
47 46 2
47 47 2
47 48 0
47 49 1
48 0 0
48 1 2
48 2 2
48 3 1
48 4 0
48 5 2
48 6 2
48 7 0
48 8 0
48 9 2
48 10 0
48 11 0
48 12 0
48 13 1
48 14 1
48 15 2
48 16 1
48 17 1
48 18 0
48 19 1
48 20 1
48 21 1
48 22 1
48 23 2
48 24 0
48 25 2
48 26 0
48 27 1
48 28 1
48 29 2
48 30 1
48 31 0
48 32 0
48 33 2
48 34 0
48 35 0
48 36 2
48 37 1
48 38 0
48 39 1
48 40 0
48 41 0
48 42 2
48 43 2
48 44 2
48 45 2
48 46 2
48 47 1
48 48 2
48 49 0
49 0 1
49 1 2
49 2 1
49 3 1
49 4 2
49 5 2
49 6 2
49 7 1
49 8 2
49 9 0
49 10 2
49 11 0
49 12 1
49 13 2
49 14 1
49 15 2
49 16 1
49 17 1
49 18 2
49 19 1
49 20 1
49 21 1
49 22 1
49 23 2
49 24 0
49 25 2
49 26 2
49 27 1
49 28 0
49 29 0
49 30 1
49 31 1
49 32 0
49 33 2
49 34 2
49 35 2
49 36 2
49 37 0
49 38 1
49 39 0
49 40 2
49 41 0
49 42 1
49 43 0
49 44 0
49 45 1
49 46 0
49 47 0
49 48 0
49 49 0
0
0
1
0
0
0
0
0
0
2
2
2
2
2
0
0
1
1
1
0
2
2
1
2
2
1
2
2
2
1
1
2
2
2
1
2
1
1
0
0
1
0
1
1
0
1
2
0
0
1
