10
0 0 1653497073724703927
0 1 -6380757697386141586
0 2 9002379848023849634
0 3 3565782794486463318
0 4 6316671361447685588
0 5 3364455115312222291
0 6 421152831251556520
0 7 -5608639557266771385
0 8 -3297668006470632991
0 9 1940243310454181208
1 0 -1786307799933981970
1 1 -5787428460543633200
1 2 8842618092061300335
1 3 8997792878408301381
1 4 3383830186363396856
1 5 2805805729152208121
1 6 -2647119309703617004
1 7 -6524657945572320125
1 8 -41540074456271989
1 9 -1438204661046502994
2 0 3738165612800679143
2 1 -3456044205162083680
2 2 8595612999616374069
2 3 -2609893630676619458
2 4 6342860036561399048
2 5 -3570002194523818289
2 6 -8449243735639450942
2 7 -4020135946412545057
2 8 -9220505290326408426
2 9 5856351829465594469
3 0 5136242421513967048
3 1 -5232334903153183704
3 2 7305358022248452791
3 3 -8505985466797115555
3 4 -1089950534340556004
3 5 2491062708818615189
3 6 728854798600893204
3 7 3448011465506474197
3 8 -4285111646231640229
3 9 -6672742473049055994
4 0 9021432381813787481
4 1 7215765552464823183
4 2 -1050431235442859165
4 3 -2029240960671964352
4 4 -4146908378312782022
4 5 -8345854451186497935
4 6 -8713956658350552874
4 7 -5406173753900768918
4 8 -1852820085767959703
4 9 -223280911588173051
5 0 -6028223231714572642
5 1 -1738930661625103470
5 2 9120570251326669345
5 3 4408701231940773370
5 4 8084975315740144995
5 5 -2083426977552728282
5 6 5419131509453150110
5 7 -5163944296014977119
5 8 -1552562947041776617
5 9 -673126015648863365
6 0 739800621369314978
6 1 -781424006631175056
6 2 3455883772312683627
6 3 2269360722433215050
6 4 -3108576079993400078
6 5 -3950581512130949757
6 6 -3238899178591506601
6 7 4797105974167263278
6 8 3672659052679880663
6 9 -8427770890614677226
7 0 5052238949161392534
7 1 -1770109682843058905
7 2 7346160248562849950
7 3 -418993612353045748
7 4 8904498937202253863
7 5 2359784377763222809
7 6 9115396733573749016
7 7 7867864811095072107
7 8 -8375804854072191795
7 9 -6843963332742313906
8 0 -3153890793517844453
8 1 -2628694806165505826
8 2 -117357999416716656
8 3 -1101376334106938384
8 4 6783004187056514559
8 5 -9039630281330025166
8 6 -7889885344309517765
8 7 6508948283524162192
8 8 4368479708479559969
8 9 4108389208043764185
9 0 398415623368290011
9 1 7509806860879664290
9 2 9148376073991440995
9 3 -47942222312739222
9 4 7363953437118253638
9 5 -4669053663497971458
9 6 -3521427441044471382
9 7 -111539726900892897
9 8 -663595073712537198
9 9 -5170338854867405471
4079871478085055071
-1000450079150366379
9097988350310465945
6539337633420877546
-5794582105747183633
-1242374206630738929
3281851459782495100
4629845113355387549
6293479494963593803
-8186416577847568268
