20
0 0 -1469109482788194019
0 1 8758714767890734563
0 2 -4017963463955774871
0 3 -3229998106060597683
0 4 -1160454695789997661
0 5 -4281187587095664888
0 6 -4734139482002184511
0 7 8761634969354131592
0 8 1162371069287312890
0 9 4724135417700025788
0 10 -6112099250303494192
0 11 530771380899208631
0 12 850998756489669968
0 13 6711158600962530195
0 14 -6965178558586133352
0 15 -6949494473984501614
0 16 7834520063431227802
0 17 -3118409582704960379
0 18 -2338769755792814306
0 19 -8683625048453558159
1 0 5285052598496238605
1 1 -7987196830286432402
1 2 4969890926101702891
1 3 6012582788583018962
1 4 5978853805241934245
1 5 -7833589063159689585
1 6 4007189438011064204
1 7 -1929650692850422055
1 8 2230145301652393889
1 9 6147217755295137803
1 10 -6070795432426350318
1 11 -4460438014695174197
1 12 -8694645069083301884
1 13 -3255722019352314261
1 14 913690473806807187
1 15 -3983590058159221870
1 16 6113976687926017558
1 17 -2239695774814144229
1 18 7490363732747182759
1 19 -367429360923819972
2 0 2375428023513864930
2 1 -6995328346598451990
2 2 9064472305486002667
2 3 -2121894839065443460
2 4 -8898992626297441867
2 5 -8113773902579649394
2 6 -7741192640122500222
2 7 1442362044255028008
2 8 3751450966374458533
2 9 6388748082891264286
2 10 1030115368858481551
2 11 8329778872872402361
2 12 -6835197350808282872
2 13 4822145191277404822
2 14 -3986201213457481284
2 15 3397245723750660814
2 16 1429610054965943288
2 17 5310436467631773783
2 18 4697939334661678518
2 19 -3469388201848157271
3 0 -692126826542721322
3 1 -197806785760894556
3 2 5771033806899948462
3 3 7184393575476452272
3 4 4111142263082439620
3 5 -9216210868985149915
3 6 1037142566390696153
3 7 -9135035523158634259
3 8 5329857533089501738
3 9 -6641490822759805336
3 10 2618135468845053937
3 11 -3209783971695854449
3 12 1881115916461206321
3 13 -8654739131059340197
3 14 5670479063737705907
3 15 -1204438180186121369
3 16 967279560923317835
3 17 2593745841523348436
3 18 7134247962403106143
3 19 7970444640952460908
4 0 -9098385315666813527
4 1 -2934070686348496119
4 2 8912435817257936187
4 3 -5696676808191151305
4 4 -3672063492150111549
4 5 7816480456624667416
4 6 4497092378089208592
4 7 3197361774660543624
4 8 3550899390944350932
4 9 187562314259581056
4 10 6947881747847045291
4 11 -1361600932184593729
4 12 5240475511199058780
4 13 -1077813592785847386
4 14 -6519329496113969059
4 15 -4833676705832856477
4 16 -2628656157707489636
4 17 933475294172893522
4 18 -7498036161744375428
4 19 8017500261076217503
5 0 -2014877937629886435
5 1 -5953332107740148945
5 2 2330119227380974816
5 3 -441565558403598912
5 4 -4243795095561723607
5 5 7677504249985345614
5 6 -675358800189439641
5 7 6129637592536896952
5 8 6503906996714288465
5 9 -2582478076000162397
5 10 -7101119430027478927
5 11 -7336264336244065634
5 12 -7526742375794051355
5 13 -8520870489522930041
5 14 4277028344128674404
5 15 8776170862037889324
5 16 -2048641904326204545
5 17 -2931913478786202316
5 18 3320151772753777449
5 19 -1259291273087740096
6 0 3731983645465323641
6 1 -587855222701921460
6 2 -6519504803034876243
6 3 349031434930625627
6 4 4055280098370475889
6 5 -2990444434290335149
6 6 -1347449252559241887
6 7 -6122258017246653915
6 8 -7970099459857306932
6 9 8536653035608112176
6 10 5539067343372865723
6 11 -4602449619659059993
6 12 2244752684144630321
6 13 -9165093605350501456
6 14 -8090481812469454925
6 15 263410142599566351
6 16 -632139900744171766
6 17 -7580427175897447165
6 18 6350844082960315207
6 19 1977408235410367152
7 0 8344854063280687366
7 1 -8745842933995276739
7 2 6369483936052828919
7 3 -6932396909572507649
7 4 1932346391968596634
7 5 -5809006560056447018
7 6 8038160182131411273
7 7 128301829003900887
7 8 -3300923596636576389
7 9 -5135516725767027413
7 10 8077833342576724038
7 11 3063731135065021238
7 12 -921329689716539611
7 13 4735403798170717435
7 14 587675813284261371
7 15 -1901622641909436226
7 16 6061848101908047191
7 17 5878083926828657130
7 18 -2596372503134807815
7 19 -8922818868399739595
8 0 5510416053226044053
8 1 2630827754219430657
8 2 7273028194662300886
8 3 -6262507968590361595
8 4 1005269045070742181
8 5 7334697311942413356
8 6 -8042884386214854998
8 7 -2705912706507309124
8 8 7543806460108523282
8 9 551750868556971707
8 10 7695298045912949139
8 11 5134445859704091277
8 12 3979798551891200941
8 13 -5701715136920968735
8 14 6720645144499929905
8 15 3165010484560565966
8 16 4297572441872618246
8 17 2803641553903469368
8 18 -6602935830553532374
8 19 7143617941841332088
9 0 3209397759188775671
9 1 3681644727684693820
9 2 -5716691372614444889
9 3 -285782016215795542
9 4 1006180635411233050
9 5 4629484690038667723
9 6 1342391809049038038
9 7 2439753124888459302
9 8 -5236458366150779058
9 9 6167426976608003755
9 10 7829257671354591590
9 11 4360434567245462995
9 12 -7713343773906169802
9 13 2519735048526389764
9 14 -6386469624204063730
9 15 -817270911323485127
9 16 5251367643203533753
9 17 -8525689584347801374
9 18 5591072899859916806
9 19 -5672449194136723192
10 0 -3752332160507643005
10 1 7815527911359660468
10 2 -8757639514042699125
10 3 4027213273136166289
10 4 1535146518038939523
10 5 -7467023769610591024
10 6 -7083394180624572576
10 7 6036621521125183307
10 8 2027042723669752427
10 9 5166438199045911789
10 10 7709344656122375496
10 11 -3750147572207525808
10 12 4300316024979547700
10 13 1662385006750349223
10 14 3671029924790207117
10 15 8846130819336271837
10 16 -6896528473717098345
10 17 4929950043504492030
10 18 -3662791240287561348
10 19 952276309422899926
11 0 7507985899997130644
11 1 -5297033819828196137
11 2 -843409508853859097
11 3 -3777330547251979201
11 4 -8021080791182369297
11 5 -7276652317709101703
11 6 -6475220826109979487
11 7 -3471742633430536764
11 8 -7102961175612850258
11 9 6973854395338202642
11 10 7151901637788058117
11 11 4166093241149202482
11 12 2652968382116126364
11 13 8225537857461074480
11 14 -1257956001576268688
11 15 4937608817476410363
11 16 1273245004389451466
11 17 6618808093587485512
11 18 -1819158192462094909
11 19 -7314153589439882825
12 0 8623168223393467145
12 1 -357810063153249997
12 2 3816164241982852834
12 3 -1481929421635911011
12 4 5573565033439697264
12 5 -1953337436395310420
12 6 -3143035102189353929
12 7 -8094578745621274354
12 8 4289707868317130716
12 9 8749725357673850323
12 10 -1645963527998219729
12 11 -452118417202962165
12 12 -611711537902976917
12 13 -426139514817474387
12 14 8423826593138303419
12 15 -3353591838706523974
12 16 5360930519819359744
12 17 -8333222880033285727
12 18 4119623349744987345
12 19 -2933084120010043163
13 0 -187677491916912445
13 1 5156890935377543164
13 2 -9140645977865819415
13 3 1845735470798415226
13 4 6914635080969351838
13 5 5512719700777849966
13 6 -7118230241791339135
13 7 -7394523203026381300
13 8 150024878414255041
13 9 7820665552443621771
13 10 -3156391543646999398
13 11 3922318433255583312
13 12 -8490993718961924322
13 13 1538285839375180876
13 14 8028509908051477304
13 15 -6980560632783130975
13 16 4843380818844411629
13 17 979850012118905995
13 18 5758422346998684645
13 19 735207394640788605
14 0 2114980185424826666
14 1 1004730733668007306
14 2 3198817797776217390
14 3 -5396953816143781114
14 4 6903849681686772754
14 5 7589063557849900653
14 6 3516746198502090277
14 7 8940267289080308610
14 8 4105632614104509098
14 9 -4146347477266478405
14 10 4152339639604603613
14 11 7262347825120892380
14 12 -5899179046304280264
14 13 7202104437143364321
14 14 5634255178524410098
14 15 -6963102171748165344
14 16 3019627141526452679
14 17 9179164255720717487
14 18 5670968047918347262
14 19 6123268407195964418
15 0 984329668050663592
15 1 4566926735957689305
15 2 268612699539733029
15 3 -7610384247853415080
15 4 3983729673424433388
15 5 -1190708476656788873
15 6 -2424760080594812790
15 7 -2292132058689231716
15 8 7070437967412668650
15 9 8379434128788832645
15 10 -4522341155817060393
15 11 -748756968652270997
15 12 -6413106935601336641
15 13 -7108569212708712092
15 14 2041391631984349370
15 15 5042433677800036616
15 16 2638209956155952329
15 17 7025491450633486935
15 18 9071340254417770594
15 19 -6023641099058643750
16 0 482892730779881004
16 1 2438162097525048583
16 2 9016591380885677318
16 3 2033647622685236457
16 4 -5203429452427209907
16 5 -4141247431553504512
16 6 -8382163337782156706
16 7 -5176963096710306971
16 8 462275019074238041
16 9 -1728841252080459983
16 10 -3710540373839032792
16 11 -1918540179667253729
16 12 7792186334563254207
16 13 4493125126644379248
16 14 -8629325522342841180
16 15 2799318515049633550
16 16 8195132463504386738
16 17 4604949615153700852
16 18 4023745717942877465
16 19 -1106362536129469236
17 0 7013983848351758760
17 1 3413401804444802521
17 2 7498332487063225934
17 3 3323722041784183575
17 4 1481631138671450845
17 5 -2810905696458674784
17 6 -1632958121416649967
17 7 -1646240703666826416
17 8 -5643744080354698031
17 9 -1905611909512349524
17 10 -2819545281307081036
17 11 6613330518286763263
17 12 -7458311764484345146
17 13 -484707707630590779
17 14 1227864680096739723
17 15 -5114585723760884147
17 16 -7741585201298028221
17 17 -3758756408951407463
17 18 8684381571324357999
17 19 2644224252104682632
18 0 -6362182628928902509
18 1 444381883886659638
18 2 8695428264627882558
18 3 -6526438616549253981
18 4 7286018029851620167
18 5 -455957996201003630
18 6 -7127717331710784936
18 7 6288614558839249843
18 8 -2128272960070756688
18 9 3749401780307325187
18 10 -48629165823611100
18 11 -3990818585185308813
18 12 -5057597057592544410
18 13 -8516199832823296569
18 14 -6101006584051264119
18 15 3909839963498696385
18 16 8373222918386726852
18 17 8173739889145601662
18 18 -7353755655625301387
18 19 5681781974283346463
19 0 -414095865404434839
19 1 8019376902571793834
19 2 4073049671086800730
19 3 4689697658042209330
19 4 6137698338171439800
19 5 -2083758837055355338
19 6 -5355200905250117972
19 7 1969026376428204615
19 8 2303271848400579929
19 9 -4785296981479359508
19 10 8396953811014959204
19 11 -1254100665575121719
19 12 -8812143792813696842
19 13 -8826655835568847875
19 14 1803686042328616576
19 15 -5041604096897759284
19 16 -8120969035156218497
19 17 -7419026963496383106
19 18 -7402115510996047488
19 19 -2355991869300421754
-3460681318372653274
-3934182863436543515
-6857299237528318741
-4353680340507720496
3848955341629386852
4928494620290733456
6666397746183861192
5478506000201926057
-2491789012956600398
4590511731193573438
8509587748220536101
1726309524805621171
6364726750562739153
45733869470483859
-6849272519078358892
-5329744191945489740
-6001370755457988542
-6171458519022942823
-7378260107483587927
-7691140996208951017
