100
0 0 2
0 1 0
0 2 1
0 3 2
0 4 1
0 5 2
0 6 0
0 7 0
0 8 2
0 9 1
0 10 2
0 11 0
0 12 1
0 13 2
0 14 1
0 15 1
0 16 1
0 17 1
0 18 0
0 19 2
0 20 0
0 21 2
0 22 1
0 23 0
0 24 2
0 25 2
0 26 1
0 27 1
0 28 1
0 29 1
0 30 2
0 31 2
0 32 2
0 33 2
0 34 0
0 35 0
0 36 0
0 37 0
0 38 1
0 39 1
0 40 0
0 41 1
0 42 1
0 43 0
0 44 1
0 45 1
0 46 1
0 47 0
0 48 0
0 49 1
0 50 0
0 51 2
0 52 1
0 53 0
0 54 0
0 55 0
0 56 0
0 57 1
0 58 0
0 59 2
0 60 0
0 61 1
0 62 1
0 63 2
0 64 0
0 65 0
0 66 2
0 67 0
0 68 1
0 69 0
0 70 0
0 71 2
0 72 0
0 73 2
0 74 1
0 75 0
0 76 0
0 77 1
0 78 0
0 79 1
0 80 0
0 81 1
0 82 2
0 83 0
0 84 2
0 85 1
0 86 2
0 87 1
0 88 1
0 89 1
0 90 2
0 91 0
0 92 0
0 93 0
0 94 1
0 95 2
0 96 2
0 97 2
0 98 1
0 99 1
1 0 0
1 1 0
1 2 0
1 3 1
1 4 0
1 5 0
1 6 0
1 7 2
1 8 0
1 9 1
1 10 0
1 11 0
1 12 1
1 13 1
1 14 2
1 15 1
1 16 1
1 17 1
1 18 0
1 19 2
1 20 1
1 21 1
1 22 1
1 23 1
1 24 2
1 25 2
1 26 2
1 27 0
1 28 1
1 29 0
1 30 2
1 31 2
1 32 1
1 33 0
1 34 0
1 35 0
1 36 2
1 37 2
1 38 1
1 39 1
1 40 1
1 41 2
1 42 1
1 43 2
1 44 1
1 45 2
1 46 0
1 47 1
1 48 2
1 49 1
1 50 2
1 51 2
1 52 1
1 53 0
1 54 2
1 55 1
1 56 1
1 57 2
1 58 1
1 59 2
1 60 0
1 61 0
1 62 2
1 63 2
1 64 1
1 65 2
1 66 0
1 67 1
1 68 0
1 69 1
1 70 2
1 71 1
1 72 1
1 73 0
1 74 2
1 75 0
1 76 2
1 77 1
1 78 0
1 79 2
1 80 0
1 81 0
1 82 1
1 83 1
1 84 2
1 85 2
1 86 2
1 87 0
1 88 1
1 89 0
1 90 2
1 91 2
1 92 1
1 93 2
1 94 1
1 95 0
1 96 0
1 97 1
1 98 1
1 99 1
2 0 0
2 1 1
2 2 1
2 3 2
2 4 1
2 5 2
2 6 1
2 7 0
2 8 1
2 9 2
2 10 0
2 11 0
2 12 1
2 13 1
2 14 1
2 15 2
2 16 2
2 17 0
2 18 1
2 19 1
2 20 2
2 21 0
2 22 2
2 23 2
2 24 2
2 25 2
2 26 0
2 27 0
2 28 1
2 29 2
2 30 0
2 31 1
2 32 2
2 33 0
2 34 1
2 35 2
2 36 1
2 37 1
2 38 2
2 39 2
2 40 0
2 41 0
2 42 1
2 43 0
2 44 1
2 45 1
2 46 2
2 47 2
2 48 1
2 49 2
2 50 0
2 51 0
2 52 1
2 53 1
2 54 0
2 55 2
2 56 1
2 57 0
2 58 2
2 59 1
2 60 1
2 61 2
2 62 2
2 63 0
2 64 2
2 65 2
2 66 2
2 67 1
2 68 1
2 69 1
2 70 2
2 71 2
2 72 2
2 73 0
2 74 0
2 75 1
2 76 2
2 77 1
2 78 1
2 79 0
2 80 2
2 81 2
2 82 0
2 83 0
2 84 2
2 85 0
2 86 2
2 87 0
2 88 0
2 89 0
2 90 0
2 91 2
2 92 0
2 93 1
2 94 0
2 95 1
2 96 0
2 97 1
2 98 2
2 99 1
3 0 0
3 1 0
3 2 1
3 3 0
3 4 0
3 5 2
3 6 1
3 7 0
3 8 1
3 9 1
3 10 0
3 11 2
3 12 0
3 13 0
3 14 2
3 15 0
3 16 1
3 17 2
3 18 1
3 19 0
3 20 1
3 21 1
3 22 2
3 23 1
3 24 1
3 25 0
3 26 2
3 27 0
3 28 1
3 29 1
3 30 2
3 31 1
3 32 1
3 33 2
3 34 0
3 35 0
3 36 0
3 37 2
3 38 0
3 39 2
3 40 0
3 41 0
3 42 2
3 43 1
3 44 2
3 45 0
3 46 1
3 47 2
3 48 1
3 49 0
3 50 0
3 51 2
3 52 2
3 53 0
3 54 2
3 55 2
3 56 0
3 57 1
3 58 1
3 59 1
3 60 2
3 61 1
3 62 0
3 63 1
3 64 0
3 65 2
3 66 1
3 67 1
3 68 1
3 69 1
3 70 1
3 71 0
3 72 0
3 73 2
3 74 2
3 75 0
3 76 0
3 77 0
3 78 1
3 79 2
3 80 2
3 81 0
3 82 0
3 83 1
3 84 0
3 85 2
3 86 1
3 87 0
3 88 1
3 89 0
3 90 0
3 91 0
3 92 1
3 93 1
3 94 1
3 95 0
3 96 2
3 97 2
3 98 0
3 99 1
4 0 1
4 1 2
4 2 1
4 3 1
4 4 0
4 5 1
4 6 2
4 7 0
4 8 1
4 9 1
4 10 1
4 11 2
4 12 2
4 13 1
4 14 1
4 15 1
4 16 0
4 17 1
4 18 2
4 19 1
4 20 2
4 21 0
4 22 2
4 23 0
4 24 0
4 25 2
4 26 0
4 27 1
4 28 2
4 29 1
4 30 0
4 31 1
4 32 0
4 33 1
4 34 2
4 35 2
4 36 2
4 37 2
4 38 2
4 39 2
4 40 2
4 41 1
4 42 1
4 43 2
4 44 1
4 45 2
4 46 2
4 47 1
4 48 2
4 49 2
4 50 1
4 51 0
4 52 1
4 53 1
4 54 2
4 55 0
4 56 2
4 57 1
4 58 2
4 59 2
4 60 1
4 61 1
4 62 2
4 63 0
4 64 0
4 65 1
4 66 0
4 67 0
4 68 1
4 69 2
4 70 0
4 71 1
4 72 0
4 73 2
4 74 2
4 75 1
4 76 0
4 77 2
4 78 2
4 79 0
4 80 0
4 81 2
4 82 2
4 83 2
4 84 0
4 85 2
4 86 1
4 87 2
4 88 0
4 89 0
4 90 0
4 91 1
4 92 0
4 93 0
4 94 1
4 95 2
4 96 2
4 97 0
4 98 1
4 99 0
5 0 2
5 1 2
5 2 2
5 3 1
5 4 1
5 5 2
5 6 1
5 7 1
5 8 1
5 9 0
5 10 2
5 11 0
5 12 0
5 13 1
5 14 1
5 15 1
5 16 1
5 17 1
5 18 1
5 19 1
5 20 0
5 21 2
5 22 0
5 23 2
5 24 0
5 25 2
5 26 2
5 27 2
5 28 0
5 29 1
5 30 2
5 31 0
5 32 2
5 33 2
5 34 1
5 35 0
5 36 1
5 37 0
5 38 2
5 39 0
5 40 2
5 41 2
5 42 0
5 43 0
5 44 2
5 45 1
5 46 2
5 47 2
5 48 2
5 49 1
5 50 2
5 51 2
5 52 1
5 53 1
5 54 1
5 55 0
5 56 0
5 57 1
5 58 0
5 59 1
5 60 0
5 61 2
5 62 1
5 63 2
5 64 0
5 65 2
5 66 1
5 67 2
5 68 1
5 69 0
5 70 2
5 71 1
5 72 0
5 73 1
5 74 1
5 75 0
5 76 2
5 77 1
5 78 0
5 79 1
5 80 0
5 81 1
5 82 0
5 83 0
5 84 1
5 85 2
5 86 0
5 87 1
5 88 1
5 89 2
5 90 0
5 91 2
5 92 2
5 93 0
5 94 2
5 95 2
5 96 1
5 97 2
5 98 0
5 99 0
6 0 1
6 1 1
6 2 1
6 3 1
6 4 0
6 5 0
6 6 2
6 7 0
6 8 2
6 9 2
6 10 2
6 11 0
6 12 0
6 13 0
6 14 1
6 15 0
6 16 1
6 17 2
6 18 0
6 19 2
6 20 0
6 21 1
6 22 1
6 23 1
6 24 0
6 25 0
6 26 1
6 27 2
6 28 1
6 29 0
6 30 0
6 31 0
6 32 1
6 33 2
6 34 2
6 35 1
6 36 1
6 37 1
6 38 2
6 39 0
6 40 2
6 41 2
6 42 2
6 43 0
6 44 0
6 45 1
6 46 1
6 47 1
6 48 0
6 49 0
6 50 2
6 51 0
6 52 0
6 53 2
6 54 2
6 55 2
6 56 1
6 57 2
6 58 1
6 59 0
6 60 2
6 61 2
6 62 2
6 63 0
6 64 1
6 65 1
6 66 2
6 67 1
6 68 2
6 69 0
6 70 0
6 71 1
6 72 1
6 73 2
6 74 0
6 75 0
6 76 1
6 77 0
6 78 0
6 79 0
6 80 0
6 81 1
6 82 2
6 83 0
6 84 1
6 85 1
6 86 2
6 87 0
6 88 2
6 89 2
6 90 2
6 91 1
6 92 1
6 93 2
6 94 2
6 95 1
6 96 0
6 97 0
6 98 1
6 99 2
7 0 2
7 1 2
7 2 1
7 3 0
7 4 1
7 5 2
7 6 1
7 7 0
7 8 1
7 9 2
7 10 1
7 11 2
7 12 1
7 13 0
7 14 1
7 15 2
7 16 2
7 17 1
7 18 0
7 19 2
7 20 2
7 21 1
7 22 0
7 23 1
7 24 2
7 25 0
7 26 2
7 27 2
7 28 0
7 29 0
7 30 1
7 31 1
7 32 0
7 33 2
7 34 2
7 35 0
7 36 1
7 37 2
7 38 0
7 39 0
7 40 1
7 41 1
7 42 2
7 43 1
7 44 0
7 45 2
7 46 1
7 47 2
7 48 0
7 49 0
7 50 2
7 51 0
7 52 0
7 53 2
7 54 1
7 55 1
7 56 1
7 57 0
7 58 0
7 59 0
7 60 2
7 61 1
7 62 1
7 63 1
7 64 2
7 65 1
7 66 2
7 67 0
7 68 1
7 69 1
7 70 0
7 71 2
7 72 2
7 73 0
7 74 0
7 75 1
7 76 1
7 77 2
7 78 2
7 79 2
7 80 1
7 81 2
7 82 1
7 83 2
7 84 2
7 85 0
7 86 1
7 87 1
7 88 1
7 89 2
7 90 0
7 91 0
7 92 2
7 93 2
7 94 1
7 95 2
7 96 2
7 97 0
7 98 1
7 99 1
8 0 1
8 1 1
8 2 0
8 3 1
8 4 2
8 5 0
8 6 2
8 7 1
8 8 1
8 9 1
8 10 0
8 11 2
8 12 0
8 13 2
8 14 2
8 15 2
8 16 2
8 17 1
8 18 0
8 19 0
8 20 2
8 21 2
8 22 0
8 23 2
8 24 0
8 25 2
8 26 1
8 27 1
8 28 0
8 29 0
8 30 1
8 31 0
8 32 1
8 33 2
8 34 1
8 35 0
8 36 2
8 37 1
8 38 0
8 39 1
8 40 1
8 41 1
8 42 1
8 43 2
8 44 1
8 45 1
8 46 0
8 47 1
8 48 1
8 49 2
8 50 1
8 51 1
8 52 1
8 53 1
8 54 0
8 55 2
8 56 0
8 57 2
8 58 0
8 59 2
8 60 2
8 61 0
8 62 1
8 63 2
8 64 2
8 65 0
8 66 0
8 67 0
8 68 0
8 69 0
8 70 0
8 71 0
8 72 0
8 73 2
8 74 0
8 75 2
8 76 0
8 77 0
8 78 1
8 79 0
8 80 2
8 81 1
8 82 2
8 83 1
8 84 1
8 85 1
8 86 1
8 87 0
8 88 0
8 89 0
8 90 0
8 91 2
8 92 2
8 93 2
8 94 1
8 95 0
8 96 1
8 97 2
8 98 0
8 99 2
9 0 1
9 1 1
9 2 1
9 3 2
9 4 2
9 5 1
9 6 1
9 7 1
9 8 2
9 9 0
9 10 2
9 11 2
9 12 0
9 13 1
9 14 0
9 15 2
9 16 2
9 17 0
9 18 1
9 19 1
9 20 0
9 21 2
9 22 0
9 23 1
9 24 0
9 25 1
9 26 1
9 27 0
9 28 2
9 29 2
9 30 2
9 31 1
9 32 2
9 33 0
9 34 2
9 35 2
9 36 1
9 37 2
9 38 1
9 39 2
9 40 1
9 41 1
9 42 1
9 43 2
9 44 2
9 45 0
9 46 0
9 47 1
9 48 1
9 49 1
9 50 1
9 51 1
9 52 2
9 53 0
9 54 1
9 55 0
9 56 1
9 57 0
9 58 2
9 59 1
9 60 2
9 61 0
9 62 2
9 63 1
9 64 1
9 65 0
9 66 0
9 67 1
9 68 1
9 69 1
9 70 2
9 71 2
9 72 1
9 73 0
9 74 2
9 75 0
9 76 2
9 77 0
9 78 0
9 79 2
9 80 0
9 81 2
9 82 0
9 83 0
9 84 0
9 85 0
9 86 0
9 87 0
9 88 2
9 89 2
9 90 2
9 91 0
9 92 2
9 93 2
9 94 2
9 95 1
9 96 1
9 97 0
9 98 2
9 99 1
10 0 0
10 1 0
10 2 2
10 3 1
10 4 2
10 5 0
10 6 2
10 7 2
10 8 0
10 9 2
10 10 0
10 11 0
10 12 1
10 13 2
10 14 0
10 15 2
10 16 1
10 17 0
10 18 1
10 19 1
10 20 2
10 21 2
10 22 1
10 23 1
10 24 1
10 25 2
10 26 1
10 27 1
10 28 1
10 29 0
10 30 1
10 31 1
10 32 0
10 33 1
10 34 2
10 35 0
10 36 0
10 37 0
10 38 0
10 39 1
10 40 0
10 41 1
10 42 0
10 43 2
10 44 2
10 45 2
10 46 0
10 47 1
10 48 0
10 49 0
10 50 2
10 51 2
10 52 2
10 53 2
10 54 1
10 55 1
10 56 1
10 57 2
10 58 1
10 59 1
10 60 1
10 61 2
10 62 1
10 63 0
10 64 1
10 65 0
10 66 2
10 67 2
10 68 1
10 69 0
10 70 1
10 71 1
10 72 1
10 73 1
10 74 2
10 75 0
10 76 2
10 77 2
10 78 2
10 79 0
10 80 2
10 81 2
10 82 2
10 83 2
10 84 0
10 85 2
10 86 1
10 87 1
10 88 1
10 89 2
10 90 0
10 91 2
10 92 0
10 93 0
10 94 0
10 95 1
10 96 1
10 97 2
10 98 1
10 99 2
11 0 2
11 1 1
11 2 2
11 3 0
11 4 1
11 5 1
11 6 0
11 7 0
11 8 0
11 9 1
11 10 2
11 11 0
11 12 0
11 13 1
11 14 0
11 15 1
11 16 0
11 17 0
11 18 1
11 19 2
11 20 0
11 21 1
11 22 0
11 23 1
11 24 0
11 25 0
11 26 1
11 27 0
11 28 0
11 29 2
11 30 1
11 31 0
11 32 0
11 33 2
11 34 2
11 35 1
11 36 0
11 37 2
11 38 2
11 39 2
11 40 0
11 41 1
11 42 0
11 43 0
11 44 0
11 45 1
11 46 1
11 47 0
11 48 1
11 49 1
11 50 0
11 51 1
11 52 0
11 53 1
11 54 2
11 55 2
11 56 2
11 57 1
11 58 2
11 59 0
11 60 1
11 61 1
11 62 1
11 63 1
11 64 0
11 65 1
11 66 0
11 67 1
11 68 1
11 69 0
11 70 1
11 71 2
11 72 2
11 73 0
11 74 0
11 75 1
11 76 2
11 77 2
11 78 1
11 79 2
11 80 1
11 81 0
11 82 1
11 83 0
11 84 0
11 85 2
11 86 2
11 87 0
11 88 0
11 89 2
11 90 0
11 91 2
11 92 2
11 93 0
11 94 2
11 95 1
11 96 2
11 97 1
11 98 2
11 99 2
12 0 0
12 1 1
12 2 0
12 3 2
12 4 1
12 5 1
12 6 2
12 7 0
12 8 1
12 9 0
12 10 0
12 11 0
12 12 1
12 13 0
12 14 0
12 15 2
12 16 2
12 17 0
12 18 2
12 19 2
12 20 1
12 21 0
12 22 2
12 23 0
12 24 1
12 25 0
12 26 2
12 27 2
12 28 1
12 29 1
12 30 2
12 31 2
12 32 2
12 33 0
12 34 2
12 35 0
12 36 0
12 37 2
12 38 2
12 39 2
12 40 1
12 41 2
12 42 2
12 43 0
12 44 2
12 45 1
12 46 1
12 47 2
12 48 0
12 49 0
12 50 0
12 51 2
12 52 2
12 53 2
12 54 2
12 55 0
12 56 2
12 57 0
12 58 0
12 59 0
12 60 2
12 61 0
12 62 2
12 63 0
12 64 2
12 65 1
12 66 2
12 67 0
12 68 1
12 69 1
12 70 2
12 71 2
12 72 1
12 73 1
12 74 1
12 75 0
12 76 1
12 77 2
12 78 1
12 79 1
12 80 2
12 81 1
12 82 0
12 83 1
12 84 0
12 85 1
12 86 1
12 87 0
12 88 1
12 89 1
12 90 0
12 91 0
12 92 1
12 93 1
12 94 0
12 95 1
12 96 2
12 97 2
12 98 2
12 99 1
13 0 1
13 1 0
13 2 1
13 3 1
13 4 1
13 5 0
13 6 1
13 7 0
13 8 2
13 9 2
13 10 1
13 11 2
13 12 2
13 13 0
13 14 0
13 15 1
13 16 2
13 17 2
13 18 0
13 19 1
13 20 1
13 21 2
13 22 0
13 23 2
13 24 0
13 25 1
13 26 0
13 27 1
13 28 0
13 29 0
13 30 2
13 31 1
13 32 1
13 33 2
13 34 1
13 35 2
13 36 2
13 37 0
13 38 0
13 39 1
13 40 0
13 41 2
13 42 0
13 43 2
13 44 2
13 45 2
13 46 0
13 47 2
13 48 2
13 49 1
13 50 1
13 51 0
13 52 1
13 53 2
13 54 2
13 55 2
13 56 2
13 57 1
13 58 0
13 59 0
13 60 1
13 61 2
13 62 2
13 63 1
13 64 2
13 65 1
13 66 2
13 67 0
13 68 2
13 69 1
13 70 0
13 71 0
13 72 2
13 73 1
13 74 1
13 75 2
13 76 2
13 77 2
13 78 1
13 79 1
13 80 0
13 81 2
13 82 0
13 83 1
13 84 2
13 85 2
13 86 2
13 87 2
13 88 1
13 89 0
13 90 2
13 91 2
13 92 1
13 93 1
13 94 0
13 95 1
13 96 2
13 97 1
13 98 0
13 99 1
14 0 2
14 1 0
14 2 0
14 3 2
14 4 2
14 5 1
14 6 2
14 7 0
14 8 2
14 9 0
14 10 2
14 11 0
14 12 1
14 13 1
14 14 0
14 15 2
14 16 0
14 17 0
14 18 0
14 19 1
14 20 2
14 21 1
14 22 0
14 23 0
14 24 2
14 25 1
14 26 2
14 27 0
14 28 0
14 29 2
14 30 2
14 31 0
14 32 1
14 33 1
14 34 1
14 35 1
14 36 2
14 37 0
14 38 1
14 39 0
14 40 2
14 41 1
14 42 1
14 43 0
14 44 0
14 45 1
14 46 0
14 47 2
14 48 1
14 49 2
14 50 0
14 51 1
14 52 2
14 53 0
14 54 1
14 55 2
14 56 2
14 57 0
14 58 2
14 59 1
14 60 2
14 61 1
14 62 0
14 63 1
14 64 0
14 65 1
14 66 0
14 67 0
14 68 0
14 69 1
14 70 1
14 71 0
14 72 1
14 73 0
14 74 1
14 75 1
14 76 1
14 77 1
14 78 2
14 79 2
14 80 1
14 81 0
14 82 1
14 83 1
14 84 1
14 85 2
14 86 2
14 87 1
14 88 0
14 89 1
14 90 2
14 91 1
14 92 2
14 93 0
14 94 2
14 95 1
14 96 1
14 97 2
14 98 0
14 99 1
15 0 1
15 1 2
15 2 2
15 3 1
15 4 2
15 5 0
15 6 2
15 7 2
15 8 1
15 9 0
15 10 1
15 11 0
15 12 1
15 13 1
15 14 2
15 15 2
15 16 1
15 17 1
15 18 1
15 19 2
15 20 2
15 21 0
15 22 0
15 23 2
15 24 0
15 25 2
15 26 1
15 27 0
15 28 1
15 29 0
15 30 0
15 31 2
15 32 0
15 33 0
15 34 2
15 35 0
15 36 0
15 37 0
15 38 1
15 39 0
15 40 0
15 41 2
15 42 0
15 43 2
15 44 2
15 45 0
15 46 1
15 47 1
15 48 1
15 49 1
15 50 2
15 51 2
15 52 1
15 53 2
15 54 2
15 55 0
15 56 1
15 57 2
15 58 1
15 59 1
15 60 0
15 61 2
15 62 0
15 63 1
15 64 1
15 65 0
15 66 1
15 67 1
15 68 0
15 69 1
15 70 1
15 71 0
15 72 0
15 73 0
15 74 1
15 75 2
15 76 2
15 77 2
15 78 0
15 79 0
15 80 2
15 81 2
15 82 1
15 83 1
15 84 0
15 85 2
15 86 0
15 87 1
15 88 2
15 89 0
15 90 0
15 91 1
15 92 0
15 93 1
15 94 1
15 95 2
15 96 2
15 97 2
15 98 1
15 99 0
16 0 1
16 1 2
16 2 0
16 3 0
16 4 2
16 5 0
16 6 0
16 7 2
16 8 1
16 9 0
16 10 1
16 11 0
16 12 2
16 13 2
16 14 2
16 15 2
16 16 1
16 17 0
16 18 0
16 19 2
16 20 0
16 21 2
16 22 1
16 23 1
16 24 1
16 25 0
16 26 0
16 27 2
16 28 1
16 29 1
16 30 1
16 31 1
16 32 1
16 33 0
16 34 1
16 35 2
16 36 0
16 37 1
16 38 1
16 39 1
16 40 1
16 41 2
16 42 1
16 43 1
16 44 0
16 45 1
16 46 0
16 47 1
16 48 2
16 49 1
16 50 1
16 51 2
16 52 1
16 53 2
16 54 1
16 55 2
16 56 0
16 57 2
16 58 0
16 59 1
16 60 2
16 61 0
16 62 1
16 63 2
16 64 2
16 65 1
16 66 1
16 67 1
16 68 0
16 69 0
16 70 0
16 71 0
16 72 2
16 73 0
16 74 1
16 75 2
16 76 0
16 77 1
16 78 2
16 79 2
16 80 2
16 81 1
16 82 2
16 83 0
16 84 0
16 85 1
16 86 1
16 87 0
16 88 2
16 89 2
16 90 0
16 91 0
16 92 2
16 93 1
16 94 2
16 95 2
16 96 2
16 97 0
16 98 1
16 99 1
17 0 1
17 1 2
17 2 0
17 3 1
17 4 1
17 5 0
17 6 2
17 7 0
17 8 0
17 9 2
17 10 0
17 11 0
17 12 1
17 13 1
17 14 0
17 15 1
17 16 0
17 17 0
17 18 1
17 19 2
17 20 0
17 21 2
17 22 2
17 23 0
17 24 2
17 25 0
17 26 2
17 27 1
17 28 0
17 29 2
17 30 0
17 31 2
17 32 1
17 33 2
17 34 1
17 35 2
17 36 0
17 37 1
17 38 0
17 39 0
17 40 1
17 41 2
17 42 2
17 43 1
17 44 2
17 45 1
17 46 2
17 47 0
17 48 1
17 49 1
17 50 0
17 51 2
17 52 2
17 53 2
17 54 0
17 55 1
17 56 0
17 57 2
17 58 2
17 59 0
17 60 0
17 61 2
17 62 2
17 63 2
17 64 0
17 65 1
17 66 2
17 67 0
17 68 0
17 69 1
17 70 1
17 71 2
17 72 1
17 73 2
17 74 0
17 75 2
17 76 2
17 77 1
17 78 2
17 79 1
17 80 2
17 81 0
17 82 0
17 83 2
17 84 0
17 85 1
17 86 0
17 87 1
17 88 2
17 89 1
17 90 1
17 91 2
17 92 2
17 93 0
17 94 2
17 95 1
17 96 2
17 97 0
17 98 0
17 99 2
18 0 0
18 1 0
18 2 0
18 3 2
18 4 0
18 5 1
18 6 2
18 7 2
18 8 1
18 9 1
18 10 0
18 11 2
18 12 2
18 13 0
18 14 0
18 15 2
18 16 2
18 17 2
18 18 1
18 19 0
18 20 0
18 21 0
18 22 1
18 23 2
18 24 2
18 25 2
18 26 2
18 27 2
18 28 1
18 29 2
18 30 1
18 31 2
18 32 2
18 33 2
18 34 2
18 35 2
18 36 0
18 37 1
18 38 0
18 39 1
18 40 1
18 41 0
18 42 0
18 43 1
18 44 2
18 45 1
18 46 2
18 47 0
18 48 0
18 49 0
18 50 2
18 51 0
18 52 2
18 53 0
18 54 0
18 55 2
18 56 0
18 57 2
18 58 1
18 59 2
18 60 2
18 61 1
18 62 2
18 63 1
18 64 1
18 65 1
18 66 0
18 67 1
18 68 2
18 69 2
18 70 0
18 71 0
18 72 1
18 73 0
18 74 2
18 75 2
18 76 2
18 77 1
18 78 0
18 79 2
18 80 0
18 81 1
18 82 0
18 83 2
18 84 2
18 85 2
18 86 0
18 87 0
18 88 2
18 89 2
18 90 1
18 91 1
18 92 2
18 93 1
18 94 1
18 95 0
18 96 1
18 97 0
18 98 1
18 99 1
19 0 2
19 1 1
19 2 0
19 3 0
19 4 1
19 5 1
19 6 1
19 7 1
19 8 2
19 9 1
19 10 1
19 11 1
19 12 0
19 13 2
19 14 1
19 15 0
19 16 1
19 17 2
19 18 0
19 19 0
19 20 0
19 21 2
19 22 2
19 23 0
19 24 0
19 25 1
19 26 1
19 27 2
19 28 1
19 29 1
19 30 1
19 31 0
19 32 1
19 33 1
19 34 1
19 35 0
19 36 1
19 37 1
19 38 2
19 39 1
19 40 0
19 41 2
19 42 2
19 43 2
19 44 1
19 45 2
19 46 2
19 47 2
19 48 0
19 49 2
19 50 0
19 51 1
19 52 2
19 53 2
19 54 0
19 55 2
19 56 0
19 57 1
19 58 0
19 59 1
19 60 0
19 61 1
19 62 2
19 63 1
19 64 2
19 65 2
19 66 2
19 67 2
19 68 1
19 69 1
19 70 0
19 71 1
19 72 2
19 73 0
19 74 0
19 75 1
19 76 2
19 77 0
19 78 0
19 79 0
19 80 2
19 81 1
19 82 1
19 83 0
19 84 2
19 85 1
19 86 0
19 87 0
19 88 1
19 89 1
19 90 0
19 91 0
19 92 2
19 93 0
19 94 2
19 95 1
19 96 0
19 97 2
19 98 1
19 99 0
20 0 2
20 1 0
20 2 1
20 3 2
20 4 2
20 5 1
20 6 1
20 7 0
20 8 1
20 9 2
20 10 1
20 11 1
20 12 1
20 13 1
20 14 2
20 15 2
20 16 2
20 17 2
20 18 2
20 19 0
20 20 0
20 21 2
20 22 1
20 23 1
20 24 2
20 25 0
20 26 1
20 27 0
20 28 1
20 29 0
20 30 2
20 31 2
20 32 0
20 33 0
20 34 2
20 35 2
20 36 1
20 37 2
20 38 2
20 39 0
20 40 2
20 41 1
20 42 1
20 43 1
20 44 1
20 45 2
20 46 1
20 47 1
20 48 1
20 49 0
20 50 2
20 51 2
20 52 2
20 53 0
20 54 2
20 55 0
20 56 2
20 57 0
20 58 2
20 59 0
20 60 2
20 61 2
20 62 0
20 63 0
20 64 1
20 65 0
20 66 2
20 67 2
20 68 2
20 69 2
20 70 1
20 71 2
20 72 1
20 73 2
20 74 2
20 75 1
20 76 2
20 77 0
20 78 0
20 79 2
20 80 1
20 81 1
20 82 0
20 83 2
20 84 0
20 85 2
20 86 1
20 87 1
20 88 2
20 89 1
20 90 2
20 91 1
20 92 1
20 93 2
20 94 0
20 95 2
20 96 2
20 97 2
20 98 2
20 99 0
21 0 1
21 1 0
21 2 1
21 3 2
21 4 0
21 5 2
21 6 2
21 7 0
21 8 2
21 9 2
21 10 1
21 11 1
21 12 0
21 13 1
21 14 1
21 15 1
21 16 1
21 17 0
21 18 1
21 19 1
21 20 1
21 21 1
21 22 1
21 23 0
21 24 0
21 25 2
21 26 1
21 27 2
21 28 0
21 29 1
21 30 2
21 31 0
21 32 0
21 33 2
21 34 2
21 35 1
21 36 2
21 37 0
21 38 0
21 39 2
21 40 1
21 41 1
21 42 1
21 43 2
21 44 2
21 45 1
21 46 2
21 47 2
21 48 0
21 49 0
21 50 2
21 51 0
21 52 0
21 53 1
21 54 1
21 55 0
21 56 1
21 57 2
21 58 0
21 59 1
21 60 0
21 61 2
21 62 1
21 63 2
21 64 0
21 65 0
21 66 1
21 67 1
21 68 1
21 69 0
21 70 2
21 71 0
21 72 0
21 73 0
21 74 0
21 75 2
21 76 0
21 77 2
21 78 0
21 79 2
21 80 1
21 81 2
21 82 2
21 83 1
21 84 2
21 85 1
21 86 2
21 87 2
21 88 1
21 89 1
21 90 2
21 91 2
21 92 1
21 93 1
21 94 0
21 95 1
21 96 0
21 97 1
21 98 2
21 99 2
22 0 2
22 1 0
22 2 1
22 3 0
22 4 1
22 5 0
22 6 0
22 7 2
22 8 1
22 9 0
22 10 1
22 11 0
22 12 2
22 13 2
22 14 1
22 15 0
22 16 2
22 17 2
22 18 0
22 19 2
22 20 2
22 21 2
22 22 0
22 23 2
22 24 1
22 25 2
22 26 2
22 27 1
22 28 1
22 29 1
22 30 0
22 31 0
22 32 0
22 33 2
22 34 0
22 35 2
22 36 0
22 37 0
22 38 2
22 39 1
22 40 0
22 41 0
22 42 0
22 43 1
22 44 2
22 45 1
22 46 0
22 47 0
22 48 2
22 49 0
22 50 2
22 51 0
22 52 1
22 53 2
22 54 2
22 55 0
22 56 1
22 57 1
22 58 2
22 59 1
22 60 1
22 61 1
22 62 1
22 63 0
22 64 0
22 65 0
22 66 1
22 67 1
22 68 0
22 69 0
22 70 1
22 71 1
22 72 0
22 73 1
22 74 1
22 75 2
22 76 2
22 77 0
22 78 2
22 79 0
22 80 1
22 81 1
22 82 2
22 83 0
22 84 2
22 85 2
22 86 0
22 87 0
22 88 2
22 89 2
22 90 2
22 91 1
22 92 2
22 93 0
22 94 1
22 95 0
22 96 0
22 97 1
22 98 2
22 99 1
23 0 1
23 1 2
23 2 0
23 3 0
23 4 0
23 5 2
23 6 2
23 7 0
23 8 2
23 9 1
23 10 1
23 11 2
23 12 2
23 13 2
23 14 1
23 15 1
23 16 0
23 17 1
23 18 2
23 19 1
23 20 1
23 21 0
23 22 0
23 23 2
23 24 1
23 25 1
23 26 1
23 27 1
23 28 2
23 29 1
23 30 0
23 31 2
23 32 2
23 33 2
23 34 0
23 35 0
23 36 1
23 37 0
23 38 1
23 39 1
23 40 1
23 41 0
23 42 0
23 43 1
23 44 0
23 45 2
23 46 1
23 47 2
23 48 1
23 49 0
23 50 1
23 51 0
23 52 1
23 53 2
23 54 2
23 55 0
23 56 0
23 57 1
23 58 1
23 59 2
23 60 0
23 61 1
23 62 1
23 63 1
23 64 2
23 65 2
23 66 0
23 67 0
23 68 2
23 69 1
23 70 0
23 71 0
23 72 0
23 73 0
23 74 2
23 75 0
23 76 2
23 77 1
23 78 2
23 79 0
23 80 0
23 81 2
23 82 1
23 83 2
23 84 2
23 85 1
23 86 0
23 87 1
23 88 2
23 89 0
23 90 0
23 91 2
23 92 0
23 93 2
23 94 1
23 95 0
23 96 0
23 97 0
23 98 1
23 99 0
24 0 0
24 1 0
24 2 2
24 3 0
24 4 0
24 5 0
24 6 1
24 7 1
24 8 2
24 9 1
24 10 2
24 11 1
24 12 2
24 13 1
24 14 2
24 15 2
24 16 0
24 17 0
24 18 1
24 19 2
24 20 2
24 21 0
24 22 0
24 23 1
24 24 1
24 25 1
24 26 1
24 27 1
24 28 1
24 29 1
24 30 0
24 31 1
24 32 0
24 33 0
24 34 1
24 35 2
24 36 1
24 37 0
24 38 1
24 39 0
24 40 1
24 41 0
24 42 0
24 43 2
24 44 0
24 45 0
24 46 0
24 47 1
24 48 0
24 49 0
24 50 0
24 51 2
24 52 2
24 53 2
24 54 1
24 55 1
24 56 2
24 57 1
24 58 1
24 59 2
24 60 1
24 61 1
24 62 2
24 63 0
24 64 2
24 65 2
24 66 0
24 67 1
24 68 1
24 69 0
24 70 2
24 71 2
24 72 2
24 73 0
24 74 2
24 75 2
24 76 2
24 77 0
24 78 0
24 79 0
24 80 2
24 81 0
24 82 2
24 83 0
24 84 2
24 85 1
24 86 1
24 87 0
24 88 1
24 89 1
24 90 2
24 91 0
24 92 0
24 93 0
24 94 2
24 95 0
24 96 2
24 97 0
24 98 2
24 99 1
25 0 2
25 1 0
25 2 2
25 3 1
25 4 0
25 5 2
25 6 1
25 7 2
25 8 1
25 9 0
25 10 1
25 11 1
25 12 0
25 13 2
25 14 1
25 15 1
25 16 1
25 17 1
25 18 0
25 19 0
25 20 0
25 21 0
25 22 1
25 23 1
25 24 2
25 25 0
25 26 2
25 27 1
25 28 0
25 29 2
25 30 1
25 31 0
25 32 1
25 33 2
25 34 1
25 35 1
25 36 0
25 37 1
25 38 1
25 39 1
25 40 0
25 41 1
25 42 2
25 43 2
25 44 2
25 45 1
25 46 1
25 47 1
25 48 0
25 49 0
25 50 1
25 51 1
25 52 1
25 53 0
25 54 0
25 55 2
25 56 1
25 57 1
25 58 2
25 59 1
25 60 0
25 61 0
25 62 1
25 63 0
25 64 0
25 65 0
25 66 2
25 67 2
25 68 2
25 69 2
25 70 2
25 71 2
25 72 2
25 73 0
25 74 2
25 75 1
25 76 2
25 77 2
25 78 0
25 79 0
25 80 0
25 81 1
25 82 2
25 83 0
25 84 2
25 85 0
25 86 1
25 87 0
25 88 1
25 89 2
25 90 0
25 91 0
25 92 0
25 93 2
25 94 2
25 95 1
25 96 1
25 97 1
25 98 1
25 99 0
26 0 2
26 1 0
26 2 0
26 3 2
26 4 2
26 5 2
26 6 1
26 7 2
26 8 1
26 9 2
26 10 2
26 11 1
26 12 1
26 13 0
26 14 1
26 15 2
26 16 2
26 17 1
26 18 1
26 19 1
26 20 1
26 21 2
26 22 2
26 23 2
26 24 2
26 25 1
26 26 0
26 27 2
26 28 2
26 29 2
26 30 1
26 31 1
26 32 1
26 33 0
26 34 1
26 35 0
26 36 1
26 37 2
26 38 2
26 39 0
26 40 1
26 41 1
26 42 0
26 43 2
26 44 2
26 45 2
26 46 1
26 47 1
26 48 2
26 49 0
26 50 1
26 51 1
26 52 1
26 53 1
26 54 2
26 55 1
26 56 1
26 57 0
26 58 1
26 59 2
26 60 2
26 61 1
26 62 0
26 63 2
26 64 1
26 65 0
26 66 2
26 67 0
26 68 1
26 69 0
26 70 0
26 71 1
26 72 1
26 73 0
26 74 2
26 75 0
26 76 1
26 77 1
26 78 1
26 79 1
26 80 2
26 81 1
26 82 1
26 83 2
26 84 2
26 85 1
26 86 1
26 87 2
26 88 2
26 89 1
26 90 0
26 91 2
26 92 0
26 93 2
26 94 0
26 95 2
26 96 2
26 97 2
26 98 0
26 99 0
27 0 0
27 1 1
27 2 2
27 3 0
27 4 1
27 5 1
27 6 1
27 7 0
27 8 2
27 9 2
27 10 1
27 11 1
27 12 2
27 13 0
27 14 1
27 15 2
27 16 0
27 17 1
27 18 2
27 19 2
27 20 1
27 21 2
27 22 2
27 23 2
27 24 2
27 25 1
27 26 0
27 27 1
27 28 0
27 29 0
27 30 2
27 31 0
27 32 1
27 33 0
27 34 2
27 35 1
27 36 0
27 37 0
27 38 1
27 39 1
27 40 0
27 41 1
27 42 1
27 43 2
27 44 2
27 45 1
27 46 2
27 47 1
27 48 1
27 49 1
27 50 2
27 51 2
27 52 2
27 53 0
27 54 1
27 55 2
27 56 0
27 57 2
27 58 2
27 59 1
27 60 1
27 61 0
27 62 2
27 63 0
27 64 2
27 65 2
27 66 0
27 67 1
27 68 0
27 69 1
27 70 2
27 71 0
27 72 1
27 73 1
27 74 0
27 75 2
27 76 0
27 77 1
27 78 1
27 79 0
27 80 2
27 81 0
27 82 1
27 83 1
27 84 2
27 85 1
27 86 0
27 87 1
27 88 1
27 89 2
27 90 1
27 91 0
27 92 2
27 93 1
27 94 1
27 95 0
27 96 1
27 97 0
27 98 0
27 99 2
28 0 2
28 1 0
28 2 1
28 3 0
28 4 2
28 5 0
28 6 1
28 7 2
28 8 1
28 9 0
28 10 2
28 11 2
28 12 0
28 13 1
28 14 0
28 15 0
28 16 1
28 17 0
28 18 0
28 19 0
28 20 1
28 21 0
28 22 2
28 23 1
28 24 1
28 25 1
28 26 0
28 27 2
28 28 1
28 29 1
28 30 1
28 31 0
28 32 1
28 33 2
28 34 2
28 35 2
28 36 0
28 37 2
28 38 2
28 39 0
28 40 2
28 41 2
28 42 1
28 43 0
28 44 1
28 45 1
28 46 0
28 47 1
28 48 2
28 49 1
28 50 0
28 51 1
28 52 2
28 53 0
28 54 1
28 55 1
28 56 1
28 57 2
28 58 1
28 59 2
28 60 2
28 61 1
28 62 2
28 63 1
28 64 2
28 65 0
28 66 2
28 67 2
28 68 0
28 69 1
28 70 1
28 71 1
28 72 1
28 73 2
28 74 1
28 75 1
28 76 2
28 77 2
28 78 2
28 79 1
28 80 2
28 81 2
28 82 2
28 83 0
28 84 2
28 85 2
28 86 1
28 87 1
28 88 1
28 89 1
28 90 0
28 91 2
28 92 2
28 93 2
28 94 1
28 95 0
28 96 1
28 97 1
28 98 0
28 99 1
29 0 1
29 1 1
29 2 1
29 3 1
29 4 1
29 5 1
29 6 2
29 7 1
29 8 0
29 9 2
29 10 0
29 11 0
29 12 0
29 13 1
29 14 1
29 15 2
29 16 2
29 17 2
29 18 0
29 19 0
29 20 1
29 21 1
29 22 2
29 23 2
29 24 0
29 25 1
29 26 0
29 27 0
29 28 0
29 29 1
29 30 2
29 31 0
29 32 0
29 33 1
29 34 2
29 35 2
29 36 0
29 37 0
29 38 0
29 39 2
29 40 1
29 41 0
29 42 1
29 43 2
29 44 0
29 45 2
29 46 1
29 47 2
29 48 2
29 49 1
29 50 1
29 51 0
29 52 0
29 53 2
29 54 1
29 55 0
29 56 1
29 57 2
29 58 1
29 59 2
29 60 1
29 61 2
29 62 0
29 63 2
29 64 2
29 65 1
29 66 2
29 67 2
29 68 0
29 69 1
29 70 1
29 71 2
29 72 0
29 73 1
29 74 1
29 75 0
29 76 1
29 77 1
29 78 0
29 79 0
29 80 2
29 81 0
29 82 2
29 83 1
29 84 0
29 85 2
29 86 2
29 87 0
29 88 1
29 89 1
29 90 2
29 91 2
29 92 2
29 93 2
29 94 1
29 95 1
29 96 2
29 97 1
29 98 0
29 99 0
30 0 2
30 1 0
30 2 1
30 3 1
30 4 0
30 5 2
30 6 2
30 7 1
30 8 2
30 9 2
30 10 2
30 11 2
30 12 1
30 13 0
30 14 1
30 15 0
30 16 0
30 17 1
30 18 0
30 19 0
30 20 1
30 21 0
30 22 0
30 23 2
30 24 2
30 25 0
30 26 2
30 27 2
30 28 2
30 29 1
30 30 0
30 31 2
30 32 1
30 33 2
30 34 1
30 35 2
30 36 0
30 37 1
30 38 0
30 39 1
30 40 2
30 41 1
30 42 0
30 43 2
30 44 2
30 45 0
30 46 0
30 47 2
30 48 1
30 49 1
30 50 2
30 51 0
30 52 2
30 53 0
30 54 1
30 55 1
30 56 0
30 57 2
30 58 0
30 59 2
30 60 1
30 61 0
30 62 2
30 63 1
30 64 2
30 65 1
30 66 2
30 67 1
30 68 0
30 69 1
30 70 1
30 71 0
30 72 1
30 73 0
30 74 0
30 75 0
30 76 2
30 77 0
30 78 1
30 79 1
30 80 1
30 81 1
30 82 1
30 83 0
30 84 2
30 85 2
30 86 1
30 87 1
30 88 0
30 89 1
30 90 1
30 91 1
30 92 1
30 93 2
30 94 0
30 95 0
30 96 0
30 97 0
30 98 1
30 99 0
31 0 1
31 1 0
31 2 2
31 3 2
31 4 0
31 5 0
31 6 1
31 7 2
31 8 0
31 9 1
31 10 2
31 11 2
31 12 0
31 13 1
31 14 2
31 15 0
31 16 0
31 17 0
31 18 0
31 19 1
31 20 2
31 21 2
31 22 0
31 23 1
31 24 2
31 25 1
31 26 1
31 27 0
31 28 2
31 29 0
31 30 0
31 31 1
31 32 2
31 33 2
31 34 0
31 35 2
31 36 0
31 37 1
31 38 1
31 39 1
31 40 2
31 41 2
31 42 0
31 43 0
31 44 2
31 45 2
31 46 2
31 47 1
31 48 1
31 49 2
31 50 1
31 51 0
31 52 0
31 53 0
31 54 1
31 55 0
31 56 0
31 57 0
31 58 1
31 59 0
31 60 1
31 61 1
31 62 2
31 63 0
31 64 0
31 65 2
31 66 2
31 67 0
31 68 1
31 69 0
31 70 0
31 71 1
31 72 1
31 73 0
31 74 0
31 75 0
31 76 2
31 77 2
31 78 2
31 79 1
31 80 0
31 81 2
31 82 2
31 83 2
31 84 0
31 85 0
31 86 0
31 87 0
31 88 2
31 89 1
31 90 2
31 91 1
31 92 2
31 93 1
31 94 0
31 95 1
31 96 0
31 97 1
31 98 2
31 99 2
32 0 2
32 1 0
32 2 2
32 3 0
32 4 2
32 5 0
32 6 2
32 7 2
32 8 1
32 9 1
32 10 2
32 11 2
32 12 2
32 13 0
32 14 1
32 15 2
32 16 0
32 17 1
32 18 0
32 19 2
32 20 0
32 21 2
32 22 1
32 23 1
32 24 2
32 25 0
32 26 2
32 27 0
32 28 2
32 29 2
32 30 0
32 31 2
32 32 0
32 33 1
32 34 0
32 35 2
32 36 1
32 37 2
32 38 0
32 39 1
32 40 1
32 41 1
32 42 0
32 43 0
32 44 1
32 45 0
32 46 2
32 47 1
32 48 2
32 49 1
32 50 2
32 51 1
32 52 0
32 53 2
32 54 0
32 55 1
32 56 2
32 57 2
32 58 0
32 59 1
32 60 2
32 61 1
32 62 0
32 63 2
32 64 1
32 65 2
32 66 0
32 67 1
32 68 1
32 69 1
32 70 0
32 71 2
32 72 0
32 73 2
32 74 0
32 75 0
32 76 2
32 77 0
32 78 2
32 79 2
32 80 1
32 81 0
32 82 0
32 83 2
32 84 1
32 85 1
32 86 2
32 87 2
32 88 2
32 89 0
32 90 2
32 91 0
32 92 1
32 93 1
32 94 0
32 95 0
32 96 2
32 97 1
32 98 2
32 99 1
33 0 1
33 1 1
33 2 1
33 3 2
33 4 2
33 5 2
33 6 1
33 7 1
33 8 1
33 9 1
33 10 0
33 11 1
33 12 2
33 13 2
33 14 1
33 15 1
33 16 1
33 17 1
33 18 2
33 19 1
33 20 0
33 21 2
33 22 0
33 23 2
33 24 0
33 25 0
33 26 1
33 27 2
33 28 1
33 29 0
33 30 2
33 31 1
33 32 2
33 33 2
33 34 2
33 35 1
33 36 2
33 37 2
33 38 1
33 39 1
33 40 0
33 41 0
33 42 0
33 43 0
33 44 1
33 45 0
33 46 2
33 47 2
33 48 0
33 49 1
33 50 2
33 51 1
33 52 0
33 53 1
33 54 1
33 55 2
33 56 2
33 57 1
33 58 0
33 59 1
33 60 1
33 61 2
33 62 1
33 63 0
33 64 2
33 65 2
33 66 1
33 67 0
33 68 0
33 69 0
33 70 0
33 71 0
33 72 1
33 73 0
33 74 1
33 75 2
33 76 1
33 77 0
33 78 0
33 79 2
33 80 2
33 81 1
33 82 2
33 83 2
33 84 2
33 85 0
33 86 1
33 87 2
33 88 0
33 89 1
33 90 1
33 91 1
33 92 1
33 93 2
33 94 2
33 95 0
33 96 1
33 97 0
33 98 2
33 99 1
34 0 2
34 1 2
34 2 2
34 3 2
34 4 1
34 5 0
34 6 2
34 7 0
34 8 1
34 9 0
34 10 0
34 11 0
34 12 1
34 13 1
34 14 1
34 15 0
34 16 2
34 17 1
34 18 2
34 19 1
34 20 0
34 21 0
34 22 2
34 23 1
34 24 1
34 25 2
34 26 1
34 27 2
34 28 0
34 29 2
34 30 1
34 31 1
34 32 1
34 33 1
34 34 0
34 35 2
34 36 0
34 37 2
34 38 1
34 39 0
34 40 1
34 41 1
34 42 1
34 43 2
34 44 2
34 45 0
34 46 0
34 47 1
34 48 1
34 49 2
34 50 1
34 51 1
34 52 0
34 53 1
34 54 1
34 55 1
34 56 0
34 57 0
34 58 0
34 59 1
34 60 2
34 61 1
34 62 0
34 63 2
34 64 2
34 65 1
34 66 1
34 67 2
34 68 0
34 69 0
34 70 2
34 71 1
34 72 0
34 73 0
34 74 2
34 75 0
34 76 2
34 77 0
34 78 2
34 79 0
34 80 0
34 81 1
34 82 2
34 83 2
34 84 2
34 85 0
34 86 1
34 87 1
34 88 1
34 89 2
34 90 0
34 91 1
34 92 0
34 93 1
34 94 0
34 95 0
34 96 0
34 97 0
34 98 1
34 99 1
35 0 1
35 1 1
35 2 0
35 3 2
35 4 1
35 5 1
35 6 1
35 7 2
35 8 1
35 9 1
35 10 0
35 11 0
35 12 1
35 13 2
35 14 1
35 15 2
35 16 2
35 17 2
35 18 2
35 19 2
35 20 0
35 21 0
35 22 0
35 23 1
35 24 2
35 25 1
35 26 1
35 27 0
35 28 0
35 29 2
35 30 1
35 31 2
35 32 2
35 33 2
35 34 0
35 35 0
35 36 1
35 37 0
35 38 1
35 39 1
35 40 2
35 41 0
35 42 2
35 43 0
35 44 2
35 45 2
35 46 1
35 47 2
35 48 2
35 49 1
35 50 1
35 51 1
35 52 2
35 53 0
35 54 2
35 55 2
35 56 0
35 57 1
35 58 2
35 59 1
35 60 2
35 61 1
35 62 2
35 63 2
35 64 0
35 65 1
35 66 0
35 67 2
35 68 1
35 69 2
35 70 1
35 71 2
35 72 2
35 73 2
35 74 2
35 75 2
35 76 1
35 77 2
35 78 1
35 79 2
35 80 0
35 81 1
35 82 1
35 83 0
35 84 2
35 85 1
35 86 2
35 87 1
35 88 1
35 89 2
35 90 2
35 91 2
35 92 0
35 93 1
35 94 2
35 95 0
35 96 1
35 97 2
35 98 0
35 99 0
36 0 2
36 1 0
36 2 2
36 3 0
36 4 0
36 5 1
36 6 2
36 7 0
36 8 2
36 9 0
36 10 1
36 11 0
36 12 0
36 13 2
36 14 1
36 15 2
36 16 0
36 17 0
36 18 2
36 19 1
36 20 0
36 21 0
36 22 2
36 23 2
36 24 1
36 25 2
36 26 0
36 27 0
36 28 0
36 29 2
36 30 2
36 31 1
36 32 0
36 33 2
36 34 1
36 35 1
36 36 1
36 37 2
36 38 0
36 39 0
36 40 1
36 41 0
36 42 0
36 43 2
36 44 0
36 45 1
36 46 2
36 47 1
36 48 0
36 49 2
36 50 0
36 51 0
36 52 0
36 53 0
36 54 2
36 55 2
36 56 2
36 57 2
36 58 1
36 59 2
36 60 2
36 61 2
36 62 1
36 63 2
36 64 0
36 65 0
36 66 0
36 67 1
36 68 1
36 69 0
36 70 2
36 71 1
36 72 2
36 73 2
36 74 0
36 75 0
36 76 0
36 77 2
36 78 1
36 79 2
36 80 1
36 81 1
36 82 0
36 83 0
36 84 0
36 85 2
36 86 2
36 87 2
36 88 2
36 89 0
36 90 2
36 91 2
36 92 1
36 93 0
36 94 1
36 95 0
36 96 1
36 97 2
36 98 2
36 99 0
37 0 2
37 1 0
37 2 0
37 3 0
37 4 2
37 5 1
37 6 2
37 7 0
37 8 1
37 9 1
37 10 0
37 11 1
37 12 1
37 13 2
37 14 1
37 15 0
37 16 1
37 17 0
37 18 0
37 19 2
37 20 0
37 21 1
37 22 2
37 23 0
37 24 0
37 25 1
37 26 0
37 27 1
37 28 1
37 29 1
37 30 1
37 31 2
37 32 2
37 33 0
37 34 1
37 35 2
37 36 1
37 37 2
37 38 2
37 39 1
37 40 1
37 41 2
37 42 0
37 43 0
37 44 0
37 45 2
37 46 1
37 47 2
37 48 2
37 49 0
37 50 0
37 51 2
37 52 0
37 53 1
37 54 2
37 55 2
37 56 0
37 57 2
37 58 0
37 59 0
37 60 1
37 61 2
37 62 2
37 63 1
37 64 0
37 65 2
37 66 2
37 67 1
37 68 0
37 69 1
37 70 2
37 71 1
37 72 2
37 73 1
37 74 1
37 75 1
37 76 0
37 77 0
37 78 1
37 79 1
37 80 0
37 81 1
37 82 2
37 83 1
37 84 1
37 85 2
37 86 1
37 87 0
37 88 0
37 89 2
37 90 0
37 91 0
37 92 2
37 93 2
37 94 1
37 95 1
37 96 2
37 97 2
37 98 2
37 99 0
38 0 1
38 1 0
38 2 1
38 3 1
38 4 0
38 5 2
38 6 0
38 7 0
38 8 0
38 9 1
38 10 2
38 11 0
38 12 0
38 13 1
38 14 2
38 15 0
38 16 1
38 17 2
38 18 2
38 19 1
38 20 2
38 21 2
38 22 1
38 23 1
38 24 1
38 25 1
38 26 0
38 27 1
38 28 1
38 29 0
38 30 2
38 31 1
38 32 2
38 33 0
38 34 2
38 35 1
38 36 1
38 37 2
38 38 2
38 39 0
38 40 0
38 41 2
38 42 1
38 43 2
38 44 0
38 45 1
38 46 0
38 47 2
38 48 0
38 49 0
38 50 0
38 51 1
38 52 1
38 53 0
38 54 2
38 55 0
38 56 1
38 57 1
38 58 1
38 59 2
38 60 0
38 61 0
38 62 1
38 63 1
38 64 0
38 65 2
38 66 1
38 67 2
38 68 0
38 69 2
38 70 1
38 71 0
38 72 2
38 73 1
38 74 0
38 75 0
38 76 1
38 77 1
38 78 0
38 79 2
38 80 0
38 81 2
38 82 1
38 83 2
38 84 2
38 85 0
38 86 1
38 87 0
38 88 1
38 89 0
38 90 0
38 91 0
38 92 2
38 93 0
38 94 2
38 95 2
38 96 0
38 97 0
38 98 0
38 99 2
39 0 2
39 1 1
39 2 0
39 3 2
39 4 1
39 5 1
39 6 0
39 7 1
39 8 2
39 9 2
39 10 2
39 11 2
39 12 0
39 13 0
39 14 1
39 15 1
39 16 2
39 17 2
39 18 2
39 19 2
39 20 0
39 21 1
39 22 1
39 23 2
39 24 2
39 25 0
39 26 2
39 27 1
39 28 0
39 29 2
39 30 1
39 31 2
39 32 1
39 33 2
39 34 1
39 35 1
39 36 2
39 37 2
39 38 0
39 39 1
39 40 2
39 41 1
39 42 2
39 43 2
39 44 0
39 45 1
39 46 0
39 47 0
39 48 1
39 49 0
39 50 0
39 51 0
39 52 0
39 53 0
39 54 1
39 55 1
39 56 1
39 57 0
39 58 2
39 59 2
39 60 1
39 61 1
39 62 1
39 63 2
39 64 0
39 65 1
39 66 1
39 67 2
39 68 1
39 69 0
39 70 2
39 71 0
39 72 0
39 73 1
39 74 1
39 75 0
39 76 1
39 77 1
39 78 2
39 79 2
39 80 2
39 81 0
39 82 2
39 83 1
39 84 1
39 85 2
39 86 2
39 87 0
39 88 2
39 89 1
39 90 2
39 91 2
39 92 0
39 93 0
39 94 0
39 95 0
39 96 2
39 97 1
39 98 0
39 99 0
40 0 2
40 1 1
40 2 0
40 3 1
40 4 0
40 5 2
40 6 1
40 7 1
40 8 2
40 9 1
40 10 2
40 11 2
40 12 2
40 13 0
40 14 1
40 15 0
40 16 2
40 17 1
40 18 0
40 19 0
40 20 0
40 21 0
40 22 2
40 23 2
40 24 2
40 25 0
40 26 2
40 27 2
40 28 0
40 29 0
40 30 0
40 31 1
40 32 0
40 33 2
40 34 2
40 35 2
40 36 0
40 37 0
40 38 1
40 39 0
40 40 2
40 41 2
40 42 2
40 43 0
40 44 1
40 45 0
40 46 1
40 47 2
40 48 1
40 49 1
40 50 0
40 51 2
40 52 0
40 53 1
40 54 2
40 55 2
40 56 0
40 57 0
40 58 2
40 59 2
40 60 0
40 61 1
40 62 2
40 63 1
40 64 1
40 65 2
40 66 2
40 67 0
40 68 0
40 69 0
40 70 0
40 71 2
40 72 1
40 73 2
40 74 0
40 75 0
40 76 2
40 77 1
40 78 1
40 79 2
40 80 2
40 81 1
40 82 1
40 83 1
40 84 1
40 85 2
40 86 1
40 87 0
40 88 1
40 89 1
40 90 2
40 91 1
40 92 1
40 93 2
40 94 2
40 95 1
40 96 1
40 97 1
40 98 1
40 99 0
41 0 1
41 1 1
41 2 1
41 3 1
41 4 2
41 5 1
41 6 1
41 7 1
41 8 2
41 9 0
41 10 0
41 11 0
41 12 2
41 13 2
41 14 2
41 15 2
41 16 1
41 17 2
41 18 0
41 19 1
41 20 0
41 21 2
41 22 2
41 23 2
41 24 0
41 25 1
41 26 2
41 27 1
41 28 1
41 29 2
41 30 0
41 31 1
41 32 1
41 33 2
41 34 2
41 35 0
41 36 2
41 37 2
41 38 0
41 39 2
41 40 1
41 41 2
41 42 0
41 43 1
41 44 0
41 45 1
41 46 2
41 47 2
41 48 0
41 49 1
41 50 0
41 51 2
41 52 2
41 53 2
41 54 1
41 55 2
41 56 0
41 57 1
41 58 1
41 59 1
41 60 1
41 61 1
41 62 2
41 63 0
41 64 1
41 65 0
41 66 0
41 67 0
41 68 0
41 69 0
41 70 1
41 71 1
41 72 1
41 73 0
41 74 1
41 75 0
41 76 1
41 77 0
41 78 0
41 79 2
41 80 2
41 81 1
41 82 2
41 83 1
41 84 0
41 85 1
41 86 2
41 87 1
41 88 1
41 89 2
41 90 0
41 91 1
41 92 0
41 93 0
41 94 2
41 95 1
41 96 1
41 97 1
41 98 0
41 99 1
42 0 0
42 1 2
42 2 0
42 3 0
42 4 0
42 5 0
42 6 1
42 7 2
42 8 2
42 9 2
42 10 0
42 11 2
42 12 2
42 13 2
42 14 0
42 15 1
42 16 1
42 17 0
42 18 1
42 19 2
42 20 2
42 21 0
42 22 1
42 23 2
42 24 0
42 25 2
42 26 0
42 27 0
42 28 2
42 29 0
42 30 2
42 31 1
42 32 0
42 33 1
42 34 2
42 35 1
42 36 0
42 37 2
42 38 1
42 39 1
42 40 1
42 41 1
42 42 2
42 43 1
42 44 1
42 45 0
42 46 1
42 47 2
42 48 1
42 49 2
42 50 0
42 51 0
42 52 1
42 53 1
42 54 2
42 55 0
42 56 0
42 57 2
42 58 2
42 59 1
42 60 0
42 61 2
42 62 2
42 63 2
42 64 0
42 65 1
42 66 1
42 67 0
42 68 2
42 69 0
42 70 0
42 71 2
42 72 0
42 73 0
42 74 2
42 75 1
42 76 0
42 77 0
42 78 2
42 79 2
42 80 2
42 81 2
42 82 2
42 83 0
42 84 1
42 85 1
42 86 2
42 87 1
42 88 0
42 89 2
42 90 1
42 91 2
42 92 2
42 93 0
42 94 1
42 95 2
42 96 1
42 97 0
42 98 2
42 99 1
43 0 0
43 1 1
43 2 1
43 3 1
43 4 2
43 5 1
43 6 0
43 7 1
43 8 0
43 9 1
43 10 0
43 11 2
43 12 1
43 13 0
43 14 1
43 15 0
43 16 1
43 17 2
43 18 1
43 19 1
43 20 1
43 21 2
43 22 2
43 23 2
43 24 1
43 25 0
43 26 0
43 27 0
43 28 1
43 29 2
43 30 2
43 31 0
43 32 2
43 33 1
43 34 2
43 35 1
43 36 0
43 37 2
43 38 1
43 39 0
43 40 2
43 41 0
43 42 1
43 43 0
43 44 1
43 45 0
43 46 2
43 47 0
43 48 2
43 49 0
43 50 0
43 51 0
43 52 2
43 53 1
43 54 2
43 55 2
43 56 1
43 57 0
43 58 0
43 59 0
43 60 0
43 61 0
43 62 0
43 63 0
43 64 1
43 65 2
43 66 2
43 67 0
43 68 0
43 69 2
43 70 0
43 71 0
43 72 1
43 73 0
43 74 1
43 75 0
43 76 1
43 77 0
43 78 1
43 79 0
43 80 0
43 81 1
43 82 1
43 83 0
43 84 1
43 85 0
43 86 0
43 87 2
43 88 1
43 89 1
43 90 2
43 91 0
43 92 0
43 93 1
43 94 0
43 95 1
43 96 1
43 97 0
43 98 1
43 99 2
44 0 1
44 1 0
44 2 1
44 3 0
44 4 2
44 5 0
44 6 0
44 7 1
44 8 0
44 9 0
44 10 0
44 11 1
44 12 0
44 13 1
44 14 0
44 15 2
44 16 2
44 17 2
44 18 2
44 19 2
44 20 1
44 21 0
44 22 2
44 23 1
44 24 2
44 25 2
44 26 0
44 27 1
44 28 2
44 29 1
44 30 2
44 31 2
44 32 2
44 33 1
44 34 2
44 35 0
44 36 1
44 37 2
44 38 1
44 39 0
44 40 2
44 41 2
44 42 1
44 43 2
44 44 0
44 45 2
44 46 2
44 47 0
44 48 1
44 49 0
44 50 0
44 51 1
44 52 2
44 53 1
44 54 2
44 55 1
44 56 2
44 57 2
44 58 2
44 59 2
44 60 1
44 61 0
44 62 0
44 63 1
44 64 0
44 65 0
44 66 1
44 67 0
44 68 1
44 69 1
44 70 1
44 71 0
44 72 0
44 73 1
44 74 0
44 75 0
44 76 1
44 77 0
44 78 2
44 79 2
44 80 1
44 81 1
44 82 1
44 83 1
44 84 2
44 85 2
44 86 2
44 87 0
44 88 1
44 89 1
44 90 1
44 91 0
44 92 2
44 93 0
44 94 2
44 95 2
44 96 0
44 97 0
44 98 0
44 99 0
45 0 0
45 1 0
45 2 2
45 3 0
45 4 1
45 5 2
45 6 1
45 7 2
45 8 2
45 9 0
45 10 2
45 11 2
45 12 1
45 13 0
45 14 2
45 15 1
45 16 2
45 17 0
45 18 1
45 19 2
45 20 2
45 21 2
45 22 2
45 23 1
45 24 0
45 25 0
45 26 0
45 27 1
45 28 1
45 29 1
45 30 2
45 31 2
45 32 0
45 33 0
45 34 0
45 35 2
45 36 2
45 37 1
45 38 2
45 39 2
45 40 2
45 41 1
45 42 1
45 43 2
45 44 0
45 45 2
45 46 2
45 47 2
45 48 0
45 49 1
45 50 0
45 51 2
45 52 2
45 53 0
45 54 2
45 55 2
45 56 0
45 57 1
45 58 2
45 59 0
45 60 2
45 61 2
45 62 2
45 63 2
45 64 0
45 65 2
45 66 0
45 67 0
45 68 0
45 69 2
45 70 0
45 71 2
45 72 0
45 73 0
45 74 2
45 75 0
45 76 1
45 77 1
45 78 2
45 79 1
45 80 2
45 81 2
45 82 1
45 83 1
45 84 2
45 85 2
45 86 1
45 87 0
45 88 1
45 89 2
45 90 2
45 91 0
45 92 1
45 93 2
45 94 2
45 95 0
45 96 1
45 97 1
45 98 1
45 99 2
46 0 2
46 1 1
46 2 1
46 3 1
46 4 2
46 5 1
46 6 2
46 7 1
46 8 2
46 9 2
46 10 0
46 11 0
46 12 0
46 13 0
46 14 1
46 15 1
46 16 0
46 17 2
46 18 1
46 19 1
46 20 0
46 21 1
46 22 0
46 23 2
46 24 1
46 25 1
46 26 2
46 27 2
46 28 0
46 29 2
46 30 0
46 31 1
46 32 1
46 33 2
46 34 1
46 35 1
46 36 0
46 37 0
46 38 2
46 39 2
46 40 1
46 41 2
46 42 2
46 43 2
46 44 2
46 45 2
46 46 1
46 47 0
46 48 1
46 49 1
46 50 1
46 51 2
46 52 0
46 53 1
46 54 2
46 55 1
46 56 0
46 57 1
46 58 2
46 59 1
46 60 0
46 61 1
46 62 0
46 63 1
46 64 1
46 65 1
46 66 0
46 67 2
46 68 0
46 69 2
46 70 1
46 71 0
46 72 0
46 73 1
46 74 1
46 75 1
46 76 1
46 77 1
46 78 2
46 79 2
46 80 0
46 81 0
46 82 0
46 83 2
46 84 0
46 85 0
46 86 0
46 87 2
46 88 2
46 89 2
46 90 1
46 91 1
46 92 1
46 93 2
46 94 1
46 95 0
46 96 0
46 97 2
46 98 0
46 99 1
47 0 1
47 1 2
47 2 0
47 3 1
47 4 1
47 5 0
47 6 0
47 7 1
47 8 1
47 9 0
47 10 1
47 11 0
47 12 0
47 13 0
47 14 2
47 15 1
47 16 1
47 17 0
47 18 1
47 19 0
47 20 1
47 21 2
47 22 0
47 23 2
47 24 0
47 25 2
47 26 1
47 27 1
47 28 0
47 29 1
47 30 2
47 31 2
47 32 0
47 33 1
47 34 0
47 35 2
47 36 0
47 37 1
47 38 2
47 39 1
47 40 0
47 41 2
47 42 2
47 43 1
47 44 2
47 45 1
47 46 1
47 47 0
47 48 2
47 49 1
47 50 0
47 51 2
47 52 2
47 53 2
47 54 1
47 55 1
47 56 0
47 57 1
47 58 2
47 59 1
47 60 2
47 61 1
47 62 1
47 63 2
47 64 2
47 65 1
47 66 1
47 67 2
47 68 1
47 69 2
47 70 1
47 71 0
47 72 2
47 73 2
47 74 2
47 75 0
47 76 1
47 77 1
47 78 0
47 79 1
47 80 2
47 81 0
47 82 0
47 83 2
47 84 2
47 85 2
47 86 2
47 87 1
47 88 1
47 89 1
47 90 0
47 91 0
47 92 2
47 93 2
47 94 2
47 95 2
47 96 2
47 97 2
47 98 0
47 99 1
48 0 2
48 1 2
48 2 0
48 3 2
48 4 0
48 5 0
48 6 1
48 7 2
48 8 1
48 9 2
48 10 2
48 11 1
48 12 0
48 13 1
48 14 1
48 15 2
48 16 2
48 17 0
48 18 1
48 19 1
48 20 0
48 21 2
48 22 2
48 23 1
48 24 2
48 25 1
48 26 2
48 27 1
48 28 0
48 29 1
48 30 1
48 31 0
48 32 2
48 33 1
48 34 1
48 35 0
48 36 0
48 37 1
48 38 0
48 39 0
48 40 1
48 41 2
48 42 2
48 43 1
48 44 0
48 45 1
48 46 1
48 47 0
48 48 1
48 49 2
48 50 2
48 51 0
48 52 1
48 53 2
48 54 2
48 55 0
48 56 1
48 57 2
48 58 0
48 59 0
48 60 0
48 61 0
48 62 1
48 63 0
48 64 2
48 65 1
48 66 0
48 67 1
48 68 1
48 69 0
48 70 0
48 71 0
48 72 1
48 73 2
48 74 1
48 75 0
48 76 2
48 77 2
48 78 0
48 79 2
48 80 0
48 81 1
48 82 2
48 83 2
48 84 0
48 85 0
48 86 2
48 87 2
48 88 2
48 89 0
48 90 0
48 91 0
48 92 0
48 93 1
48 94 2
48 95 1
48 96 1
48 97 0
48 98 2
48 99 1
49 0 0
49 1 2
49 2 1
49 3 1
49 4 2
49 5 2
49 6 1
49 7 0
49 8 0
49 9 1
49 10 2
49 11 1
49 12 2
49 13 2
49 14 0
49 15 0
49 16 2
49 17 2
49 18 2
49 19 0
49 20 2
49 21 1
49 22 0
49 23 0
49 24 0
49 25 0
49 26 1
49 27 0
49 28 1
49 29 1
49 30 1
49 31 2
49 32 2
49 33 1
49 34 1
49 35 1
49 36 2
49 37 1
49 38 1
49 39 1
49 40 2
49 41 2
49 42 0
49 43 2
49 44 0
49 45 1
49 46 1
49 47 2
49 48 0
49 49 0
49 50 0
49 51 2
49 52 1
49 53 1
49 54 0
49 55 2
49 56 0
49 57 1
49 58 0
49 59 0
49 60 0
49 61 1
49 62 0
49 63 2
49 64 2
49 65 2
49 66 1
49 67 0
49 68 0
49 69 2
49 70 0
49 71 1
49 72 2
49 73 1
49 74 0
49 75 2
49 76 0
49 77 0
49 78 1
49 79 0
49 80 2
49 81 1
49 82 0
49 83 1
49 84 2
49 85 1
49 86 2
49 87 1
49 88 1
49 89 1
49 90 2
49 91 0
49 92 0
49 93 0
49 94 1
49 95 0
49 96 2
49 97 0
49 98 0
49 99 0
50 0 2
50 1 0
50 2 1
50 3 2
50 4 2
50 5 1
50 6 1
50 7 0
50 8 0
50 9 0
50 10 0
50 11 2
50 12 1
50 13 2
50 14 1
50 15 2
50 16 2
50 17 2
50 18 0
50 19 1
50 20 2
50 21 2
50 22 1
50 23 2
50 24 1
50 25 0
50 26 2
50 27 2
50 28 0
50 29 2
50 30 0
50 31 2
50 32 2
50 33 2
50 34 0
50 35 0
50 36 2
50 37 1
50 38 2
50 39 0
50 40 1
50 41 2
50 42 2
50 43 1
50 44 1
50 45 1
50 46 2
50 47 0
50 48 0
50 49 0
50 50 1
50 51 0
50 52 1
50 53 0
50 54 1
50 55 0
50 56 0
50 57 1
50 58 0
50 59 1
50 60 2
50 61 1
50 62 1
50 63 1
50 64 0
50 65 0
50 66 0
50 67 2
50 68 2
50 69 2
50 70 2
50 71 2
50 72 0
50 73 2
50 74 1
50 75 1
50 76 0
50 77 2
50 78 1
50 79 2
50 80 0
50 81 2
50 82 0
50 83 0
50 84 0
50 85 0
50 86 1
50 87 1
50 88 2
50 89 2
50 90 0
50 91 1
50 92 2
50 93 1
50 94 1
50 95 0
50 96 0
50 97 0
50 98 1
50 99 1
51 0 1
51 1 2
51 2 0
51 3 0
51 4 1
51 5 0
51 6 1
51 7 2
51 8 1
51 9 0
51 10 2
51 11 1
51 12 0
51 13 1
51 14 1
51 15 1
51 16 1
51 17 1
51 18 1
51 19 0
51 20 1
51 21 1
51 22 2
51 23 0
51 24 2
51 25 2
51 26 2
51 27 2
51 28 1
51 29 0
51 30 1
51 31 1
51 32 0
51 33 2
51 34 1
51 35 1
51 36 1
51 37 2
51 38 0
51 39 1
51 40 1
51 41 1
51 42 2
51 43 0
51 44 0
51 45 0
51 46 0
51 47 1
51 48 2
51 49 0
51 50 0
51 51 2
51 52 2
51 53 2
51 54 2
51 55 2
51 56 0
51 57 2
51 58 2
51 59 1
51 60 1
51 61 2
51 62 0
51 63 1
51 64 1
51 65 2
51 66 1
51 67 2
51 68 2
51 69 2
51 70 0
51 71 1
51 72 2
51 73 1
51 74 0
51 75 0
51 76 1
51 77 0
51 78 1
51 79 1
51 80 2
51 81 2
51 82 1
51 83 1
51 84 0
51 85 1
51 86 1
51 87 1
51 88 0
51 89 0
51 90 0
51 91 1
51 92 0
51 93 1
51 94 2
51 95 1
51 96 0
51 97 2
51 98 2
51 99 1
52 0 1
52 1 1
52 2 0
52 3 1
52 4 2
52 5 1
52 6 2
52 7 0
52 8 0
52 9 0
52 10 0
52 11 2
52 12 1
52 13 1
52 14 0
52 15 1
52 16 1
52 17 2
52 18 2
52 19 1
52 20 1
52 21 0
52 22 1
52 23 2
52 24 1
52 25 2
52 26 2
52 27 1
52 28 0
52 29 2
52 30 2
52 31 1
52 32 2
52 33 2
52 34 1
52 35 1
52 36 0
52 37 0
52 38 0
52 39 2
52 40 1
52 41 1
52 42 2
52 43 1
52 44 2
52 45 1
52 46 0
52 47 0
52 48 2
52 49 2
52 50 2
52 51 0
52 52 0
52 53 0
52 54 1
52 55 1
52 56 1
52 57 2
52 58 2
52 59 0
52 60 0
52 61 1
52 62 1
52 63 0
52 64 2
52 65 1
52 66 1
52 67 1
52 68 0
52 69 2
52 70 1
52 71 2
52 72 0
52 73 0
52 74 0
52 75 1
52 76 0
52 77 2
52 78 0
52 79 1
52 80 0
52 81 2
52 82 0
52 83 1
52 84 1
52 85 0
52 86 0
52 87 0
52 88 0
52 89 1
52 90 2
52 91 2
52 92 0
52 93 2
52 94 2
52 95 1
52 96 1
52 97 2
52 98 1
52 99 0
53 0 1
53 1 1
53 2 1
53 3 1
53 4 2
53 5 1
53 6 1
53 7 2
53 8 2
53 9 0
53 10 1
53 11 2
53 12 0
53 13 2
53 14 2
53 15 2
53 16 0
53 17 0
53 18 2
53 19 2
53 20 0
53 21 0
53 22 1
53 23 2
53 24 2
53 25 2
53 26 1
53 27 1
53 28 0
53 29 1
53 30 2
53 31 1
53 32 0
53 33 1
53 34 0
53 35 0
53 36 2
53 37 1
53 38 0
53 39 1
53 40 2
53 41 2
53 42 0
53 43 0
53 44 1
53 45 2
53 46 2
53 47 1
53 48 2
53 49 2
53 50 1
53 51 2
53 52 0
53 53 2
53 54 1
53 55 2
53 56 0
53 57 0
53 58 0
53 59 0
53 60 1
53 61 0
53 62 2
53 63 2
53 64 2
53 65 2
53 66 2
53 67 2
53 68 1
53 69 0
53 70 1
53 71 0
53 72 2
53 73 0
53 74 0
53 75 2
53 76 2
53 77 1
53 78 0
53 79 0
53 80 1
53 81 2
53 82 2
53 83 2
53 84 1
53 85 1
53 86 0
53 87 2
53 88 2
53 89 1
53 90 1
53 91 1
53 92 1
53 93 0
53 94 2
53 95 0
53 96 2
53 97 1
53 98 0
53 99 1
54 0 2
54 1 0
54 2 1
54 3 2
54 4 2
54 5 0
54 6 2
54 7 1
54 8 2
54 9 2
54 10 0
54 11 0
54 12 2
54 13 1
54 14 1
54 15 2
54 16 0
54 17 1
54 18 1
54 19 1
54 20 1
54 21 1
54 22 0
54 23 0
54 24 1
54 25 2
54 26 0
54 27 2
54 28 0
54 29 2
54 30 0
54 31 1
54 32 2
54 33 0
54 34 1
54 35 1
54 36 2
54 37 1
54 38 0
54 39 0
54 40 2
54 41 2
54 42 0
54 43 2
54 44 0
54 45 0
54 46 0
54 47 1
54 48 2
54 49 0
54 50 0
54 51 0
54 52 1
54 53 1
54 54 0
54 55 0
54 56 1
54 57 2
54 58 1
54 59 2
54 60 0
54 61 0
54 62 0
54 63 2
54 64 2
54 65 2
54 66 0
54 67 2
54 68 1
54 69 0
54 70 2
54 71 0
54 72 0
54 73 1
54 74 1
54 75 0
54 76 1
54 77 2
54 78 2
54 79 2
54 80 0
54 81 1
54 82 1
54 83 2
54 84 0
54 85 1
54 86 1
54 87 2
54 88 1
54 89 0
54 90 0
54 91 0
54 92 1
54 93 1
54 94 1
54 95 2
54 96 0
54 97 0
54 98 0
54 99 1
55 0 1
55 1 1
55 2 0
55 3 2
55 4 1
55 5 1
55 6 2
55 7 2
55 8 0
55 9 2
55 10 0
55 11 2
55 12 2
55 13 2
55 14 1
55 15 0
55 16 1
55 17 0
55 18 2
55 19 0
55 20 1
55 21 1
55 22 2
55 23 2
55 24 1
55 25 1
55 26 2
55 27 2
55 28 1
55 29 0
55 30 0
55 31 0
55 32 0
55 33 2
55 34 1
55 35 2
55 36 1
55 37 2
55 38 1
55 39 1
55 40 2
55 41 0
55 42 1
55 43 1
55 44 0
55 45 2
55 46 2
55 47 1
55 48 2
55 49 1
55 50 0
55 51 0
55 52 0
55 53 2
55 54 1
55 55 0
55 56 0
55 57 0
55 58 1
55 59 2
55 60 1
55 61 2
55 62 1
55 63 1
55 64 2
55 65 2
55 66 1
55 67 2
55 68 2
55 69 2
55 70 1
55 71 1
55 72 1
55 73 0
55 74 0
55 75 0
55 76 2
55 77 2
55 78 2
55 79 1
55 80 0
55 81 2
55 82 2
55 83 2
55 84 1
55 85 2
55 86 0
55 87 1
55 88 1
55 89 2
55 90 0
55 91 1
55 92 1
55 93 1
55 94 2
55 95 1
55 96 0
55 97 2
55 98 1
55 99 2
56 0 0
56 1 0
56 2 0
56 3 2
56 4 2
56 5 2
56 6 1
56 7 0
56 8 1
56 9 2
56 10 2
56 11 1
56 12 2
56 13 1
56 14 1
56 15 0
56 16 2
56 17 0
56 18 1
56 19 1
56 20 0
56 21 2
56 22 1
56 23 1
56 24 0
56 25 0
56 26 1
56 27 2
56 28 0
56 29 1
56 30 2
56 31 1
56 32 0
56 33 2
56 34 0
56 35 1
56 36 0
56 37 2
56 38 1
56 39 0
56 40 2
56 41 0
56 42 2
56 43 1
56 44 0
56 45 0
56 46 0
56 47 0
56 48 1
56 49 1
56 50 0
56 51 2
56 52 1
56 53 1
56 54 1
56 55 1
56 56 2
56 57 0
56 58 2
56 59 0
56 60 2
56 61 2
56 62 2
56 63 1
56 64 0
56 65 0
56 66 2
56 67 1
56 68 2
56 69 0
56 70 2
56 71 1
56 72 0
56 73 2
56 74 1
56 75 2
56 76 0
56 77 2
56 78 1
56 79 1
56 80 1
56 81 0
56 82 1
56 83 1
56 84 1
56 85 1
56 86 0
56 87 1
56 88 0
56 89 0
56 90 0
56 91 0
56 92 1
56 93 1
56 94 2
56 95 1
56 96 2
56 97 0
56 98 0
56 99 0
57 0 1
57 1 1
57 2 1
57 3 2
57 4 1
57 5 2
57 6 1
57 7 1
57 8 1
57 9 1
57 10 1
57 11 2
57 12 0
57 13 2
57 14 1
57 15 1
57 16 2
57 17 1
57 18 0
57 19 0
57 20 0
57 21 2
57 22 1
57 23 1
57 24 2
57 25 0
57 26 2
57 27 0
57 28 1
57 29 2
57 30 1
57 31 1
57 32 2
57 33 0
57 34 0
57 35 0
57 36 1
57 37 1
57 38 1
57 39 1
57 40 2
57 41 0
57 42 2
57 43 1
57 44 2
57 45 1
57 46 0
57 47 0
57 48 2
57 49 0
57 50 2
57 51 0
57 52 2
57 53 1
57 54 1
57 55 0
57 56 0
57 57 1
57 58 2
57 59 1
57 60 2
57 61 1
57 62 0
57 63 1
57 64 1
57 65 2
57 66 2
57 67 1
57 68 0
57 69 1
57 70 0
57 71 0
57 72 2
57 73 0
57 74 2
57 75 1
57 76 0
57 77 0
57 78 1
57 79 2
57 80 2
57 81 1
57 82 1
57 83 2
57 84 2
57 85 0
57 86 2
57 87 0
57 88 2
57 89 1
57 90 0
57 91 1
57 92 1
57 93 2
57 94 0
57 95 1
57 96 1
57 97 2
57 98 0
57 99 1
58 0 0
58 1 2
58 2 2
58 3 1
58 4 1
58 5 1
58 6 2
58 7 2
58 8 2
58 9 0
58 10 2
58 11 0
58 12 2
58 13 0
58 14 0
58 15 0
58 16 1
58 17 1
58 18 2
58 19 0
58 20 1
58 21 0
58 22 1
58 23 2
58 24 1
58 25 2
58 26 2
58 27 1
58 28 1
58 29 1
58 30 2
58 31 0
58 32 1
58 33 0
58 34 2
58 35 0
58 36 1
58 37 0
58 38 1
58 39 2
58 40 1
58 41 2
58 42 1
58 43 1
58 44 0
58 45 2
58 46 2
58 47 2
58 48 2
58 49 2
58 50 1
58 51 0
58 52 2
58 53 0
58 54 1
58 55 0
58 56 1
58 57 1
58 58 2
58 59 0
58 60 1
58 61 2
58 62 2
58 63 2
58 64 2
58 65 1
58 66 1
58 67 2
58 68 1
58 69 0
58 70 2
58 71 1
58 72 2
58 73 0
58 74 1
58 75 2
58 76 0
58 77 1
58 78 1
58 79 1
58 80 0
58 81 2
58 82 2
58 83 1
58 84 0
58 85 0
58 86 1
58 87 2
58 88 1
58 89 1
58 90 1
58 91 2
58 92 1
58 93 2
58 94 2
58 95 2
58 96 1
58 97 0
58 98 2
58 99 0
59 0 1
59 1 2
59 2 2
59 3 1
59 4 0
59 5 0
59 6 0
59 7 1
59 8 1
59 9 0
59 10 1
59 11 2
59 12 0
59 13 1
59 14 2
59 15 0
59 16 1
59 17 2
59 18 2
59 19 2
59 20 1
59 21 2
59 22 2
59 23 0
59 24 2
59 25 1
59 26 2
59 27 2
59 28 0
59 29 2
59 30 0
59 31 2
59 32 1
59 33 2
59 34 2
59 35 1
59 36 0
59 37 1
59 38 1
59 39 0
59 40 2
59 41 0
59 42 2
59 43 1
59 44 1
59 45 0
59 46 2
59 47 1
59 48 2
59 49 0
59 50 0
59 51 1
59 52 2
59 53 1
59 54 1
59 55 0
59 56 0
59 57 0
59 58 1
59 59 2
59 60 1
59 61 0
59 62 2
59 63 2
59 64 1
59 65 2
59 66 0
59 67 1
59 68 0
59 69 1
59 70 2
59 71 2
59 72 2
59 73 2
59 74 0
59 75 2
59 76 2
59 77 2
59 78 0
59 79 0
59 80 0
59 81 2
59 82 0
59 83 1
59 84 2
59 85 2
59 86 0
59 87 1
59 88 0
59 89 2
59 90 0
59 91 0
59 92 2
59 93 2
59 94 0
59 95 2
59 96 1
59 97 1
59 98 2
59 99 1
60 0 2
60 1 0
60 2 1
60 3 1
60 4 2
60 5 1
60 6 2
60 7 1
60 8 2
60 9 0
60 10 2
60 11 0
60 12 0
60 13 1
60 14 0
60 15 1
60 16 0
60 17 2
60 18 1
60 19 0
60 20 2
60 21 2
60 22 2
60 23 2
60 24 1
60 25 1
60 26 0
60 27 2
60 28 1
60 29 2
60 30 1
60 31 1
60 32 2
60 33 1
60 34 0
60 35 2
60 36 1
60 37 2
60 38 0
60 39 2
60 40 1
60 41 1
60 42 2
60 43 0
60 44 0
60 45 1
60 46 1
60 47 0
60 48 1
60 49 1
60 50 1
60 51 2
60 52 2
60 53 0
60 54 0
60 55 2
60 56 1
60 57 2
60 58 0
60 59 0
60 60 0
60 61 0
60 62 2
60 63 2
60 64 1
60 65 1
60 66 1
60 67 0
60 68 1
60 69 2
60 70 1
60 71 2
60 72 2
60 73 1
60 74 0
60 75 2
60 76 2
60 77 0
60 78 2
60 79 1
60 80 2
60 81 1
60 82 0
60 83 1
60 84 0
60 85 1
60 86 2
60 87 1
60 88 0
60 89 2
60 90 2
60 91 1
60 92 1
60 93 2
60 94 1
60 95 1
60 96 1
60 97 0
60 98 2
60 99 0
61 0 2
61 1 1
61 2 0
61 3 1
61 4 0
61 5 0
61 6 2
61 7 2
61 8 0
61 9 0
61 10 2
61 11 1
61 12 1
61 13 1
61 14 2
61 15 1
61 16 0
61 17 2
61 18 2
61 19 1
61 20 1
61 21 1
61 22 2
61 23 2
61 24 1
61 25 0
61 26 1
61 27 2
61 28 2
61 29 1
61 30 1
61 31 1
61 32 1
61 33 1
61 34 0
61 35 0
61 36 1
61 37 1
61 38 2
61 39 0
61 40 1
61 41 0
61 42 2
61 43 2
61 44 2
61 45 1
61 46 0
61 47 2
61 48 2
61 49 1
61 50 2
61 51 0
61 52 2
61 53 1
61 54 2
61 55 2
61 56 1
61 57 1
61 58 0
61 59 0
61 60 0
61 61 2
61 62 1
61 63 1
61 64 0
61 65 1
61 66 1
61 67 1
61 68 1
61 69 0
61 70 0
61 71 2
61 72 0
61 73 1
61 74 0
61 75 2
61 76 1
61 77 2
61 78 2
61 79 1
61 80 0
61 81 0
61 82 1
61 83 2
61 84 1
61 85 1
61 86 2
61 87 0
61 88 2
61 89 1
61 90 0
61 91 1
61 92 1
61 93 0
61 94 1
61 95 2
61 96 0
61 97 2
61 98 1
61 99 2
62 0 2
62 1 1
62 2 1
62 3 1
62 4 0
62 5 2
62 6 2
62 7 2
62 8 1
62 9 1
62 10 2
62 11 1
62 12 1
62 13 1
62 14 1
62 15 0
62 16 0
62 17 0
62 18 1
62 19 2
62 20 0
62 21 0
62 22 0
62 23 2
62 24 1
62 25 1
62 26 2
62 27 0
62 28 0
62 29 0
62 30 1
62 31 1
62 32 1
62 33 2
62 34 2
62 35 1
62 36 0
62 37 0
62 38 2
62 39 0
62 40 0
62 41 2
62 42 2
62 43 2
62 44 0
62 45 2
62 46 0
62 47 1
62 48 2
62 49 0
62 50 0
62 51 2
62 52 1
62 53 2
62 54 0
62 55 2
62 56 1
62 57 2
62 58 1
62 59 1
62 60 1
62 61 0
62 62 2
62 63 0
62 64 2
62 65 2
62 66 1
62 67 0
62 68 1
62 69 2
62 70 1
62 71 1
62 72 1
62 73 1
62 74 2
62 75 2
62 76 1
62 77 1
62 78 0
62 79 0
62 80 2
62 81 0
62 82 2
62 83 0
62 84 1
62 85 1
62 86 1
62 87 0
62 88 1
62 89 0
62 90 0
62 91 2
62 92 1
62 93 0
62 94 1
62 95 1
62 96 1
62 97 0
62 98 1
62 99 2
63 0 2
63 1 0
63 2 1
63 3 1
63 4 1
63 5 2
63 6 2
63 7 1
63 8 1
63 9 0
63 10 2
63 11 0
63 12 0
63 13 2
63 14 1
63 15 1
63 16 1
63 17 2
63 18 2
63 19 0
63 20 2
63 21 1
63 22 2
63 23 0
63 24 1
63 25 2
63 26 1
63 27 2
63 28 0
63 29 1
63 30 2
63 31 1
63 32 2
63 33 0
63 34 0
63 35 1
63 36 0
63 37 2
63 38 1
63 39 2
63 40 2
63 41 1
63 42 2
63 43 2
63 44 1
63 45 1
63 46 2
63 47 0
63 48 0
63 49 1
63 50 2
63 51 0
63 52 1
63 53 2
63 54 1
63 55 1
63 56 0
63 57 0
63 58 1
63 59 0
63 60 0
63 61 2
63 62 1
63 63 1
63 64 2
63 65 0
63 66 0
63 67 1
63 68 1
63 69 2
63 70 1
63 71 2
63 72 1
63 73 0
63 74 1
63 75 2
63 76 0
63 77 1
63 78 0
63 79 2
63 80 0
63 81 2
63 82 1
63 83 2
63 84 0
63 85 1
63 86 0
63 87 2
63 88 1
63 89 0
63 90 2
63 91 2
63 92 0
63 93 2
63 94 1
63 95 2
63 96 0
63 97 1
63 98 0
63 99 0
64 0 2
64 1 2
64 2 0
64 3 0
64 4 2
64 5 1
64 6 2
64 7 1
64 8 0
64 9 1
64 10 0
64 11 0
64 12 1
64 13 2
64 14 0
64 15 0
64 16 0
64 17 0
64 18 2
64 19 0
64 20 0
64 21 1
64 22 2
64 23 2
64 24 2
64 25 2
64 26 2
64 27 2
64 28 0
64 29 1
64 30 2
64 31 2
64 32 1
64 33 0
64 34 2
64 35 1
64 36 2
64 37 0
64 38 1
64 39 2
64 40 0
64 41 0
64 42 1
64 43 2
64 44 1
64 45 0
64 46 0
64 47 0
64 48 0
64 49 1
64 50 1
64 51 2
64 52 0
64 53 1
64 54 1
64 55 1
64 56 2
64 57 0
64 58 2
64 59 2
64 60 0
64 61 1
64 62 1
64 63 2
64 64 1
64 65 2
64 66 2
64 67 0
64 68 0
64 69 2
64 70 0
64 71 0
64 72 2
64 73 0
64 74 1
64 75 1
64 76 2
64 77 1
64 78 1
64 79 2
64 80 2
64 81 2
64 82 1
64 83 0
64 84 1
64 85 0
64 86 1
64 87 0
64 88 2
64 89 1
64 90 2
64 91 1
64 92 2
64 93 1
64 94 2
64 95 0
64 96 2
64 97 0
64 98 0
64 99 2
65 0 0
65 1 1
65 2 1
65 3 2
65 4 1
65 5 2
65 6 0
65 7 1
65 8 1
65 9 2
65 10 0
65 11 0
65 12 0
65 13 2
65 14 1
65 15 0
65 16 2
65 17 2
65 18 1
65 19 0
65 20 1
65 21 0
65 22 1
65 23 1
65 24 2
65 25 0
65 26 0
65 27 2
65 28 0
65 29 1
65 30 0
65 31 1
65 32 0
65 33 0
65 34 0
65 35 2
65 36 0
65 37 2
65 38 1
65 39 0
65 40 2
65 41 1
65 42 1
65 43 0
65 44 1
65 45 0
65 46 0
65 47 2
65 48 2
65 49 0
65 50 0
65 51 2
65 52 1
65 53 0
65 54 1
65 55 0
65 56 1
65 57 1
65 58 2
65 59 0
65 60 2
65 61 2
65 62 2
65 63 2
65 64 0
65 65 2
65 66 0
65 67 1
65 68 0
65 69 2
65 70 1
65 71 2
65 72 1
65 73 2
65 74 0
65 75 1
65 76 1
65 77 0
65 78 1
65 79 1
65 80 0
65 81 0
65 82 1
65 83 0
65 84 0
65 85 2
65 86 0
65 87 0
65 88 1
65 89 2
65 90 1
65 91 0
65 92 2
65 93 0
65 94 2
65 95 2
65 96 0
65 97 2
65 98 0
65 99 1
66 0 2
66 1 0
66 2 2
66 3 2
66 4 1
66 5 2
66 6 2
66 7 2
66 8 0
66 9 2
66 10 0
66 11 2
66 12 2
66 13 1
66 14 2
66 15 0
66 16 0
66 17 1
66 18 1
66 19 2
66 20 2
66 21 0
66 22 1
66 23 2
66 24 2
66 25 2
66 26 2
66 27 0
66 28 2
66 29 0
66 30 0
66 31 1
66 32 2
66 33 2
66 34 0
66 35 2
66 36 2
66 37 1
66 38 1
66 39 1
66 40 0
66 41 1
66 42 0
66 43 0
66 44 2
66 45 1
66 46 0
66 47 1
66 48 1
66 49 2
66 50 0
66 51 0
66 52 2
66 53 0
66 54 1
66 55 0
66 56 2
66 57 1
66 58 1
66 59 1
66 60 2
66 61 0
66 62 2
66 63 0
66 64 2
66 65 1
66 66 2
66 67 2
66 68 1
66 69 2
66 70 2
66 71 1
66 72 0
66 73 0
66 74 1
66 75 2
66 76 0
66 77 1
66 78 0
66 79 0
66 80 2
66 81 0
66 82 1
66 83 2
66 84 2
66 85 2
66 86 2
66 87 0
66 88 0
66 89 0
66 90 1
66 91 2
66 92 0
66 93 2
66 94 2
66 95 2
66 96 2
66 97 0
66 98 2
66 99 0
67 0 2
67 1 0
67 2 2
67 3 2
67 4 1
67 5 1
67 6 1
67 7 1
67 8 1
67 9 0
67 10 0
67 11 2
67 12 2
67 13 1
67 14 2
67 15 1
67 16 1
67 17 2
67 18 0
67 19 0
67 20 2
67 21 0
67 22 0
67 23 2
67 24 1
67 25 2
67 26 1
67 27 2
67 28 2
67 29 0
67 30 0
67 31 0
67 32 2
67 33 2
67 34 2
67 35 0
67 36 1
67 37 2
67 38 0
67 39 0
67 40 0
67 41 0
67 42 1
67 43 1
67 44 1
67 45 0
67 46 1
67 47 2
67 48 0
67 49 0
67 50 2
67 51 2
67 52 2
67 53 2
67 54 1
67 55 0
67 56 0
67 57 1
67 58 2
67 59 1
67 60 1
67 61 0
67 62 1
67 63 2
67 64 2
67 65 1
67 66 1
67 67 1
67 68 1
67 69 0
67 70 2
67 71 2
67 72 2
67 73 1
67 74 1
67 75 1
67 76 1
67 77 1
67 78 2
67 79 2
67 80 1
67 81 0
67 82 1
67 83 0
67 84 2
67 85 0
67 86 2
67 87 2
67 88 2
67 89 2
67 90 2
67 91 2
67 92 1
67 93 1
67 94 2
67 95 1
67 96 0
67 97 0
67 98 1
67 99 0
68 0 0
68 1 0
68 2 2
68 3 2
68 4 1
68 5 2
68 6 0
68 7 1
68 8 0
68 9 1
68 10 0
68 11 0
68 12 0
68 13 2
68 14 2
68 15 2
68 16 1
68 17 0
68 18 1
68 19 2
68 20 1
68 21 2
68 22 1
68 23 1
68 24 1
68 25 0
68 26 1
68 27 0
68 28 1
68 29 2
68 30 2
68 31 1
68 32 2
68 33 2
68 34 2
68 35 2
68 36 0
68 37 1
68 38 2
68 39 2
68 40 2
68 41 2
68 42 2
68 43 0
68 44 1
68 45 1
68 46 1
68 47 1
68 48 2
68 49 2
68 50 2
68 51 2
68 52 1
68 53 0
68 54 2
68 55 1
68 56 2
68 57 1
68 58 1
68 59 1
68 60 1
68 61 0
68 62 0
68 63 0
68 64 0
68 65 1
68 66 0
68 67 0
68 68 1
68 69 2
68 70 0
68 71 2
68 72 1
68 73 2
68 74 1
68 75 2
68 76 0
68 77 1
68 78 1
68 79 0
68 80 0
68 81 0
68 82 1
68 83 1
68 84 1
68 85 1
68 86 0
68 87 2
68 88 0
68 89 0
68 90 1
68 91 1
68 92 2
68 93 0
68 94 2
68 95 0
68 96 1
68 97 0
68 98 2
68 99 0
69 0 0
69 1 2
69 2 2
69 3 1
69 4 2
69 5 1
69 6 2
69 7 0
69 8 0
69 9 1
69 10 0
69 11 2
69 12 1
69 13 0
69 14 1
69 15 1
69 16 1
69 17 2
69 18 2
69 19 2
69 20 2
69 21 2
69 22 1
69 23 2
69 24 1
69 25 2
69 26 2
69 27 1
69 28 2
69 29 0
69 30 2
69 31 0
69 32 2
69 33 0
69 34 1
69 35 0
69 36 2
69 37 1
69 38 2
69 39 2
69 40 2
69 41 2
69 42 0
69 43 2
69 44 1
69 45 1
69 46 1
69 47 1
69 48 0
69 49 0
69 50 1
69 51 2
69 52 1
69 53 2
69 54 0
69 55 1
69 56 2
69 57 0
69 58 1
69 59 0
69 60 0
69 61 0
69 62 2
69 63 0
69 64 1
69 65 2
69 66 2
69 67 0
69 68 0
69 69 0
69 70 2
69 71 0
69 72 2
69 73 2
69 74 0
69 75 0
69 76 2
69 77 2
69 78 0
69 79 2
69 80 2
69 81 0
69 82 0
69 83 1
69 84 0
69 85 2
69 86 2
69 87 1
69 88 1
69 89 1
69 90 2
69 91 2
69 92 0
69 93 2
69 94 2
69 95 2
69 96 0
69 97 0
69 98 0
69 99 2
70 0 1
70 1 0
70 2 2
70 3 1
70 4 0
70 5 2
70 6 0
70 7 1
70 8 2
70 9 1
70 10 2
70 11 2
70 12 1
70 13 1
70 14 2
70 15 0
70 16 2
70 17 0
70 18 0
70 19 2
70 20 0
70 21 0
70 22 2
70 23 1
70 24 0
70 25 2
70 26 0
70 27 1
70 28 1
70 29 1
70 30 2
70 31 2
70 32 0
70 33 2
70 34 0
70 35 2
70 36 1
70 37 2
70 38 0
70 39 1
70 40 1
70 41 1
70 42 2
70 43 0
70 44 0
70 45 0
70 46 0
70 47 0
70 48 0
70 49 2
70 50 0
70 51 2
70 52 0
70 53 2
70 54 0
70 55 1
70 56 0
70 57 1
70 58 2
70 59 1
70 60 1
70 61 1
70 62 0
70 63 0
70 64 0
70 65 1
70 66 1
70 67 0
70 68 0
70 69 2
70 70 1
70 71 2
70 72 2
70 73 2
70 74 0
70 75 2
70 76 1
70 77 0
70 78 0
70 79 1
70 80 1
70 81 2
70 82 1
70 83 2
70 84 1
70 85 2
70 86 2
70 87 2
70 88 2
70 89 0
70 90 2
70 91 2
70 92 1
70 93 2
70 94 0
70 95 0
70 96 2
70 97 1
70 98 2
70 99 1
71 0 1
71 1 0
71 2 2
71 3 2
71 4 0
71 5 0
71 6 0
71 7 0
71 8 1
71 9 2
71 10 0
71 11 0
71 12 2
71 13 2
71 14 2
71 15 2
71 16 0
71 17 0
71 18 1
71 19 0
71 20 2
71 21 1
71 22 2
71 23 0
71 24 0
71 25 1
71 26 1
71 27 0
71 28 2
71 29 1
71 30 2
71 31 1
71 32 1
71 33 2
71 34 2
71 35 1
71 36 1
71 37 1
71 38 1
71 39 1
71 40 1
71 41 2
71 42 2
71 43 1
71 44 1
71 45 0
71 46 1
71 47 1
71 48 1
71 49 0
71 50 1
71 51 1
71 52 2
71 53 1
71 54 2
71 55 1
71 56 2
71 57 2
71 58 2
71 59 0
71 60 0
71 61 0
71 62 2
71 63 2
71 64 2
71 65 1
71 66 2
71 67 2
71 68 0
71 69 1
71 70 2
71 71 0
71 72 2
71 73 1
71 74 0
71 75 1
71 76 1
71 77 1
71 78 0
71 79 0
71 80 1
71 81 1
71 82 0
71 83 2
71 84 0
71 85 1
71 86 0
71 87 0
71 88 2
71 89 1
71 90 1
71 91 2
71 92 0
71 93 0
71 94 1
71 95 1
71 96 0
71 97 0
71 98 1
71 99 0
72 0 0
72 1 0
72 2 0
72 3 1
72 4 0
72 5 0
72 6 1
72 7 2
72 8 1
72 9 2
72 10 1
72 11 2
72 12 2
72 13 2
72 14 2
72 15 1
72 16 0
72 17 0
72 18 2
72 19 2
72 20 0
72 21 0
72 22 0
72 23 2
72 24 1
72 25 2
72 26 0
72 27 0
72 28 1
72 29 0
72 30 0
72 31 1
72 32 1
72 33 1
72 34 1
72 35 0
72 36 1
72 37 1
72 38 1
72 39 2
72 40 1
72 41 1
72 42 0
72 43 0
72 44 1
72 45 2
72 46 2
72 47 2
72 48 1
72 49 0
72 50 1
72 51 0
72 52 0
72 53 0
72 54 1
72 55 2
72 56 1
72 57 0
72 58 0
72 59 1
72 60 0
72 61 2
72 62 0
72 63 1
72 64 1
72 65 2
72 66 1
72 67 2
72 68 1
72 69 0
72 70 0
72 71 2
72 72 1
72 73 1
72 74 0
72 75 2
72 76 1
72 77 1
72 78 0
72 79 2
72 80 1
72 81 0
72 82 2
72 83 2
72 84 0
72 85 2
72 86 2
72 87 0
72 88 0
72 89 2
72 90 1
72 91 2
72 92 1
72 93 2
72 94 2
72 95 0
72 96 1
72 97 1
72 98 1
72 99 2
73 0 2
73 1 1
73 2 2
73 3 2
73 4 1
73 5 2
73 6 2
73 7 1
73 8 2
73 9 0
73 10 2
73 11 0
73 12 1
73 13 0
73 14 2
73 15 2
73 16 1
73 17 1
73 18 0
73 19 1
73 20 0
73 21 2
73 22 2
73 23 1
73 24 2
73 25 0
73 26 1
73 27 1
73 28 2
73 29 0
73 30 1
73 31 0
73 32 1
73 33 2
73 34 0
73 35 1
73 36 2
73 37 2
73 38 2
73 39 2
73 40 0
73 41 1
73 42 2
73 43 2
73 44 0
73 45 2
73 46 2
73 47 1
73 48 1
73 49 0
73 50 1
73 51 1
73 52 0
73 53 0
73 54 1
73 55 0
73 56 2
73 57 0
73 58 1
73 59 0
73 60 2
73 61 1
73 62 2
73 63 0
73 64 1
73 65 0
73 66 1
73 67 2
73 68 0
73 69 0
73 70 1
73 71 0
73 72 0
73 73 2
73 74 0
73 75 1
73 76 1
73 77 1
73 78 2
73 79 0
73 80 2
73 81 1
73 82 2
73 83 1
73 84 0
73 85 0
73 86 0
73 87 1
73 88 1
73 89 1
73 90 1
73 91 0
73 92 2
73 93 2
73 94 0
73 95 2
73 96 0
73 97 0
73 98 1
73 99 2
74 0 1
74 1 2
74 2 0
74 3 1
74 4 2
74 5 1
74 6 2
74 7 2
74 8 1
74 9 0
74 10 2
74 11 0
74 12 2
74 13 0
74 14 0
74 15 1
74 16 0
74 17 2
74 18 0
74 19 2
74 20 1
74 21 1
74 22 1
74 23 0
74 24 2
74 25 1
74 26 0
74 27 2
74 28 2
74 29 2
74 30 2
74 31 0
74 32 0
74 33 0
74 34 0
74 35 0
74 36 1
74 37 2
74 38 1
74 39 0
74 40 2
74 41 1
74 42 1
74 43 1
74 44 2
74 45 1
74 46 1
74 47 1
74 48 0
74 49 2
74 50 2
74 51 1
74 52 1
74 53 2
74 54 0
74 55 0
74 56 1
74 57 2
74 58 2
74 59 0
74 60 2
74 61 0
74 62 2
74 63 0
74 64 0
74 65 1
74 66 1
74 67 0
74 68 1
74 69 2
74 70 1
74 71 1
74 72 0
74 73 2
74 74 2
74 75 2
74 76 2
74 77 0
74 78 1
74 79 2
74 80 1
74 81 1
74 82 1
74 83 0
74 84 2
74 85 1
74 86 1
74 87 2
74 88 2
74 89 0
74 90 2
74 91 0
74 92 2
74 93 0
74 94 1
74 95 2
74 96 1
74 97 2
74 98 2
74 99 1
75 0 1
75 1 2
75 2 0
75 3 2
75 4 0
75 5 1
75 6 2
75 7 1
75 8 2
75 9 1
75 10 0
75 11 2
75 12 0
75 13 2
75 14 2
75 15 2
75 16 2
75 17 2
75 18 2
75 19 2
75 20 2
75 21 2
75 22 1
75 23 1
75 24 1
75 25 0
75 26 0
75 27 0
75 28 2
75 29 1
75 30 2
75 31 0
75 32 0
75 33 1
75 34 0
75 35 2
75 36 0
75 37 0
75 38 2
75 39 0
75 40 2
75 41 2
75 42 0
75 43 2
75 44 0
75 45 2
75 46 0
75 47 1
75 48 1
75 49 2
75 50 2
75 51 0
75 52 1
75 53 1
75 54 1
75 55 0
75 56 0
75 57 2
75 58 2
75 59 2
75 60 2
75 61 1
75 62 2
75 63 0
75 64 0
75 65 0
75 66 1
75 67 1
75 68 1
75 69 0
75 70 0
75 71 0
75 72 0
75 73 0
75 74 2
75 75 0
75 76 2
75 77 2
75 78 0
75 79 0
75 80 1
75 81 0
75 82 0
75 83 2
75 84 0
75 85 0
75 86 0
75 87 2
75 88 2
75 89 2
75 90 1
75 91 1
75 92 0
75 93 2
75 94 0
75 95 0
75 96 0
75 97 0
75 98 1
75 99 0
76 0 1
76 1 0
76 2 2
76 3 0
76 4 1
76 5 2
76 6 1
76 7 2
76 8 2
76 9 2
76 10 2
76 11 1
76 12 1
76 13 0
76 14 2
76 15 1
76 16 1
76 17 0
76 18 2
76 19 1
76 20 0
76 21 2
76 22 0
76 23 0
76 24 1
76 25 2
76 26 0
76 27 0
76 28 0
76 29 2
76 30 1
76 31 1
76 32 2
76 33 1
76 34 0
76 35 0
76 36 2
76 37 2
76 38 1
76 39 2
76 40 0
76 41 0
76 42 1
76 43 2
76 44 2
76 45 2
76 46 2
76 47 0
76 48 0
76 49 0
76 50 0
76 51 2
76 52 0
76 53 0
76 54 0
76 55 1
76 56 1
76 57 0
76 58 1
76 59 1
76 60 2
76 61 0
76 62 0
76 63 2
76 64 0
76 65 2
76 66 1
76 67 1
76 68 2
76 69 2
76 70 1
76 71 1
76 72 2
76 73 0
76 74 1
76 75 0
76 76 0
76 77 0
76 78 0
76 79 2
76 80 2
76 81 2
76 82 0
76 83 0
76 84 0
76 85 0
76 86 1
76 87 0
76 88 1
76 89 0
76 90 0
76 91 2
76 92 1
76 93 0
76 94 0
76 95 1
76 96 1
76 97 1
76 98 0
76 99 1
77 0 0
77 1 0
77 2 0
77 3 0
77 4 2
77 5 2
77 6 0
77 7 2
77 8 1
77 9 1
77 10 2
77 11 0
77 12 0
77 13 0
77 14 0
77 15 1
77 16 1
77 17 1
77 18 0
77 19 2
77 20 1
77 21 2
77 22 0
77 23 0
77 24 2
77 25 0
77 26 0
77 27 1
77 28 0
77 29 2
77 30 0
77 31 2
77 32 0
77 33 0
77 34 1
77 35 2
77 36 1
77 37 1
77 38 1
77 39 2
77 40 1
77 41 2
77 42 2
77 43 0
77 44 0
77 45 2
77 46 2
77 47 0
77 48 0
77 49 2
77 50 1
77 51 2
77 52 2
77 53 1
77 54 0
77 55 2
77 56 0
77 57 2
77 58 2
77 59 0
77 60 1
77 61 1
77 62 2
77 63 0
77 64 1
77 65 2
77 66 0
77 67 1
77 68 1
77 69 2
77 70 2
77 71 2
77 72 0
77 73 0
77 74 0
77 75 1
77 76 0
77 77 1
77 78 1
77 79 2
77 80 2
77 81 2
77 82 2
77 83 2
77 84 1
77 85 2
77 86 0
77 87 0
77 88 1
77 89 1
77 90 0
77 91 2
77 92 1
77 93 1
77 94 2
77 95 2
77 96 1
77 97 2
77 98 2
77 99 0
78 0 2
78 1 2
78 2 1
78 3 0
78 4 1
78 5 1
78 6 0
78 7 2
78 8 1
78 9 1
78 10 0
78 11 1
78 12 0
78 13 0
78 14 1
78 15 1
78 16 2
78 17 2
78 18 2
78 19 0
78 20 2
78 21 1
78 22 2
78 23 1
78 24 0
78 25 0
78 26 2
78 27 2
78 28 1
78 29 1
78 30 2
78 31 1
78 32 0
78 33 2
78 34 0
78 35 2
78 36 0
78 37 0
78 38 0
78 39 0
78 40 1
78 41 0
78 42 1
78 43 1
78 44 0
78 45 0
78 46 0
78 47 0
78 48 1
78 49 1
78 50 2
78 51 0
78 52 0
78 53 0
78 54 0
78 55 1
78 56 2
78 57 2
78 58 0
78 59 0
78 60 2
78 61 0
78 62 0
78 63 1
78 64 1
78 65 1
78 66 1
78 67 2
78 68 2
78 69 2
78 70 1
78 71 0
78 72 2
78 73 2
78 74 1
78 75 0
78 76 2
78 77 0
78 78 2
78 79 0
78 80 0
78 81 1
78 82 2
78 83 1
78 84 1
78 85 0
78 86 2
78 87 2
78 88 2
78 89 0
78 90 0
78 91 1
78 92 2
78 93 2
78 94 2
78 95 0
78 96 1
78 97 0
78 98 2
78 99 0
79 0 0
79 1 2
79 2 1
79 3 2
79 4 2
79 5 0
79 6 1
79 7 0
79 8 2
79 9 1
79 10 1
79 11 1
79 12 1
79 13 1
79 14 0
79 15 2
79 16 0
79 17 2
79 18 1
79 19 1
79 20 2
79 21 1
79 22 1
79 23 0
79 24 2
79 25 1
79 26 0
79 27 2
79 28 2
79 29 1
79 30 2
79 31 2
79 32 0
79 33 2
79 34 0
79 35 0
79 36 0
79 37 1
79 38 0
79 39 1
79 40 0
79 41 0
79 42 2
79 43 0
79 44 1
79 45 0
79 46 0
79 47 2
79 48 1
79 49 2
79 50 0
79 51 0
79 52 0
79 53 2
79 54 0
79 55 1
79 56 1
79 57 0
79 58 1
79 59 1
79 60 0
79 61 2
79 62 0
79 63 0
79 64 2
79 65 1
79 66 2
79 67 1
79 68 1
79 69 1
79 70 2
79 71 2
79 72 0
79 73 1
79 74 1
79 75 2
79 76 2
79 77 1
79 78 1
79 79 2
79 80 1
79 81 0
79 82 1
79 83 1
79 84 0
79 85 0
79 86 2
79 87 1
79 88 0
79 89 0
79 90 1
79 91 0
79 92 0
79 93 1
79 94 0
79 95 2
79 96 2
79 97 0
79 98 2
79 99 0
80 0 0
80 1 1
80 2 0
80 3 1
80 4 0
80 5 2
80 6 2
80 7 2
80 8 2
80 9 0
80 10 1
80 11 0
80 12 0
80 13 1
80 14 1
80 15 0
80 16 2
80 17 1
80 18 0
80 19 0
80 20 1
80 21 0
80 22 2
80 23 2
80 24 0
80 25 2
80 26 0
80 27 1
80 28 0
80 29 0
80 30 2
80 31 2
80 32 0
80 33 1
80 34 1
80 35 0
80 36 0
80 37 1
80 38 0
80 39 1
80 40 2
80 41 2
80 42 2
80 43 0
80 44 0
80 45 0
80 46 2
80 47 1
80 48 1
80 49 0
80 50 1
80 51 2
80 52 2
80 53 0
80 54 2
80 55 1
80 56 2
80 57 2
80 58 2
80 59 0
80 60 0
80 61 2
80 62 2
80 63 1
80 64 2
80 65 1
80 66 1
80 67 1
80 68 1
80 69 0
80 70 2
80 71 0
80 72 2
80 73 0
80 74 1
80 75 0
80 76 2
80 77 0
80 78 2
80 79 1
80 80 0
80 81 1
80 82 1
80 83 0
80 84 1
80 85 1
80 86 0
80 87 0
80 88 0
80 89 1
80 90 2
80 91 1
80 92 1
80 93 0
80 94 1
80 95 2
80 96 1
80 97 0
80 98 2
80 99 2
81 0 1
81 1 1
81 2 0
81 3 0
81 4 2
81 5 2
81 6 1
81 7 2
81 8 2
81 9 1
81 10 0
81 11 1
81 12 1
81 13 1
81 14 2
81 15 0
81 16 2
81 17 0
81 18 0
81 19 2
81 20 2
81 21 2
81 22 1
81 23 0
81 24 1
81 25 0
81 26 1
81 27 1
81 28 0
81 29 0
81 30 2
81 31 0
81 32 2
81 33 2
81 34 1
81 35 2
81 36 0
81 37 0
81 38 2
81 39 2
81 40 0
81 41 1
81 42 1
81 43 0
81 44 2
81 45 1
81 46 1
81 47 1
81 48 0
81 49 1
81 50 2
81 51 0
81 52 0
81 53 2
81 54 1
81 55 0
81 56 1
81 57 2
81 58 2
81 59 0
81 60 2
81 61 1
81 62 0
81 63 2
81 64 2
81 65 2
81 66 0
81 67 1
81 68 1
81 69 1
81 70 2
81 71 1
81 72 1
81 73 1
81 74 0
81 75 1
81 76 0
81 77 1
81 78 0
81 79 1
81 80 2
81 81 2
81 82 2
81 83 2
81 84 2
81 85 1
81 86 2
81 87 1
81 88 0
81 89 0
81 90 0
81 91 0
81 92 1
81 93 2
81 94 0
81 95 1
81 96 0
81 97 2
81 98 0
81 99 0
82 0 0
82 1 2
82 2 0
82 3 2
82 4 0
82 5 0
82 6 0
82 7 2
82 8 2
82 9 1
82 10 0
82 11 0
82 12 2
82 13 0
82 14 0
82 15 2
82 16 0
82 17 0
82 18 0
82 19 1
82 20 0
82 21 2
82 22 0
82 23 0
82 24 0
82 25 0
82 26 0
82 27 0
82 28 1
82 29 1
82 30 0
82 31 0
82 32 1
82 33 0
82 34 1
82 35 2
82 36 1
82 37 2
82 38 1
82 39 0
82 40 0
82 41 2
82 42 1
82 43 0
82 44 0
82 45 1
82 46 1
82 47 1
82 48 2
82 49 2
82 50 2
82 51 0
82 52 1
82 53 1
82 54 2
82 55 1
82 56 0
82 57 1
82 58 1
82 59 1
82 60 2
82 61 1
82 62 0
82 63 0
82 64 1
82 65 0
82 66 0
82 67 1
82 68 2
82 69 0
82 70 0
82 71 1
82 72 1
82 73 1
82 74 2
82 75 1
82 76 2
82 77 2
82 78 0
82 79 2
82 80 0
82 81 2
82 82 0
82 83 1
82 84 1
82 85 2
82 86 0
82 87 0
82 88 0
82 89 1
82 90 0
82 91 1
82 92 0
82 93 0
82 94 1
82 95 2
82 96 1
82 97 2
82 98 0
82 99 0
83 0 1
83 1 2
83 2 2
83 3 2
83 4 1
83 5 2
83 6 0
83 7 0
83 8 1
83 9 1
83 10 1
83 11 0
83 12 1
83 13 1
83 14 1
83 15 2
83 16 0
83 17 1
83 18 1
83 19 0
83 20 0
83 21 2
83 22 1
83 23 1
83 24 0
83 25 1
83 26 1
83 27 0
83 28 0
83 29 1
83 30 1
83 31 0
83 32 0
83 33 2
83 34 1
83 35 2
83 36 2
83 37 2
83 38 1
83 39 0
83 40 1
83 41 2
83 42 2
83 43 2
83 44 0
83 45 2
83 46 2
83 47 0
83 48 1
83 49 2
83 50 2
83 51 2
83 52 0
83 53 2
83 54 0
83 55 2
83 56 1
83 57 1
83 58 1
83 59 0
83 60 0
83 61 0
83 62 0
83 63 0
83 64 2
83 65 2
83 66 1
83 67 2
83 68 2
83 69 2
83 70 0
83 71 1
83 72 0
83 73 1
83 74 0
83 75 1
83 76 0
83 77 0
83 78 0
83 79 2
83 80 1
83 81 0
83 82 2
83 83 0
83 84 2
83 85 2
83 86 2
83 87 0
83 88 1
83 89 1
83 90 0
83 91 0
83 92 1
83 93 1
83 94 0
83 95 2
83 96 1
83 97 1
83 98 2
83 99 2
84 0 2
84 1 0
84 2 0
84 3 1
84 4 2
84 5 2
84 6 2
84 7 1
84 8 2
84 9 1
84 10 0
84 11 0
84 12 1
84 13 2
84 14 2
84 15 2
84 16 2
84 17 0
84 18 0
84 19 1
84 20 0
84 21 1
84 22 2
84 23 1
84 24 2
84 25 0
84 26 0
84 27 0
84 28 2
84 29 1
84 30 1
84 31 2
84 32 0
84 33 2
84 34 2
84 35 0
84 36 2
84 37 1
84 38 2
84 39 0
84 40 0
84 41 2
84 42 1
84 43 2
84 44 0
84 45 2
84 46 0
84 47 0
84 48 2
84 49 2
84 50 2
84 51 2
84 52 2
84 53 1
84 54 2
84 55 1
84 56 0
84 57 1
84 58 0
84 59 1
84 60 0
84 61 1
84 62 1
84 63 2
84 64 0
84 65 0
84 66 0
84 67 2
84 68 1
84 69 0
84 70 1
84 71 0
84 72 2
84 73 1
84 74 1
84 75 1
84 76 1
84 77 2
84 78 0
84 79 1
84 80 1
84 81 2
84 82 1
84 83 0
84 84 1
84 85 2
84 86 1
84 87 0
84 88 0
84 89 0
84 90 2
84 91 1
84 92 1
84 93 2
84 94 0
84 95 1
84 96 0
84 97 1
84 98 2
84 99 1
85 0 2
85 1 1
85 2 2
85 3 2
85 4 1
85 5 2
85 6 2
85 7 2
85 8 1
85 9 2
85 10 1
85 11 2
85 12 1
85 13 1
85 14 2
85 15 2
85 16 1
85 17 2
85 18 1
85 19 1
85 20 2
85 21 1
85 22 2
85 23 0
85 24 1
85 25 1
85 26 0
85 27 2
85 28 2
85 29 1
85 30 1
85 31 0
85 32 0
85 33 2
85 34 0
85 35 1
85 36 1
85 37 2
85 38 1
85 39 0
85 40 0
85 41 2
85 42 0
85 43 2
85 44 0
85 45 1
85 46 2
85 47 2
85 48 1
85 49 0
85 50 2
85 51 0
85 52 2
85 53 1
85 54 2
85 55 1
85 56 0
85 57 0
85 58 1
85 59 2
85 60 1
85 61 0
85 62 1
85 63 1
85 64 0
85 65 0
85 66 2
85 67 1
85 68 2
85 69 2
85 70 1
85 71 0
85 72 2
85 73 0
85 74 2
85 75 1
85 76 0
85 77 1
85 78 2
85 79 0
85 80 0
85 81 2
85 82 1
85 83 1
85 84 1
85 85 2
85 86 1
85 87 2
85 88 0
85 89 0
85 90 0
85 91 0
85 92 2
85 93 0
85 94 0
85 95 1
85 96 2
85 97 2
85 98 2
85 99 2
86 0 2
86 1 1
86 2 0
86 3 1
86 4 0
86 5 0
86 6 1
86 7 0
86 8 1
86 9 0
86 10 2
86 11 2
86 12 0
86 13 1
86 14 1
86 15 1
86 16 1
86 17 1
86 18 1
86 19 2
86 20 0
86 21 1
86 22 1
86 23 1
86 24 1
86 25 1
86 26 1
86 27 2
86 28 1
86 29 0
86 30 2
86 31 0
86 32 1
86 33 2
86 34 1
86 35 2
86 36 0
86 37 0
86 38 0
86 39 2
86 40 1
86 41 0
86 42 2
86 43 2
86 44 1
86 45 1
86 46 1
86 47 0
86 48 0
86 49 2
86 50 0
86 51 0
86 52 2
86 53 2
86 54 1
86 55 0
86 56 0
86 57 0
86 58 2
86 59 2
86 60 0
86 61 0
86 62 2
86 63 2
86 64 1
86 65 1
86 66 0
86 67 2
86 68 1
86 69 0
86 70 0
86 71 0
86 72 1
86 73 1
86 74 2
86 75 0
86 76 2
86 77 1
86 78 1
86 79 0
86 80 1
86 81 2
86 82 1
86 83 0
86 84 0
86 85 1
86 86 2
86 87 1
86 88 1
86 89 2
86 90 0
86 91 2
86 92 0
86 93 2
86 94 1
86 95 2
86 96 2
86 97 2
86 98 1
86 99 2
87 0 0
87 1 0
87 2 2
87 3 0
87 4 1
87 5 1
87 6 0
87 7 1
87 8 1
87 9 2
87 10 2
87 11 0
87 12 0
87 13 1
87 14 1
87 15 1
87 16 0
87 17 0
87 18 2
87 19 0
87 20 2
87 21 1
87 22 1
87 23 0
87 24 1
87 25 1
87 26 0
87 27 0
87 28 1
87 29 1
87 30 2
87 31 0
87 32 1
87 33 0
87 34 1
87 35 1
87 36 0
87 37 1
87 38 1
87 39 0
87 40 2
87 41 1
87 42 2
87 43 0
87 44 1
87 45 0
87 46 0
87 47 2
87 48 2
87 49 0
87 50 1
87 51 1
87 52 1
87 53 2
87 54 1
87 55 0
87 56 1
87 57 2
87 58 1
87 59 2
87 60 1
87 61 0
87 62 1
87 63 1
87 64 0
87 65 0
87 66 1
87 67 2
87 68 2
87 69 0
87 70 1
87 71 2
87 72 1
87 73 1
87 74 2
87 75 2
87 76 2
87 77 2
87 78 1
87 79 2
87 80 2
87 81 0
87 82 1
87 83 1
87 84 0
87 85 2
87 86 0
87 87 1
87 88 2
87 89 0
87 90 1
87 91 1
87 92 0
87 93 0
87 94 2
87 95 1
87 96 0
87 97 2
87 98 0
87 99 1
88 0 0
88 1 1
88 2 0
88 3 0
88 4 0
88 5 0
88 6 0
88 7 0
88 8 0
88 9 0
88 10 1
88 11 0
88 12 0
88 13 2
88 14 1
88 15 1
88 16 0
88 17 2
88 18 2
88 19 0
88 20 1
88 21 2
88 22 0
88 23 0
88 24 2
88 25 2
88 26 2
88 27 2
88 28 0
88 29 1
88 30 0
88 31 2
88 32 0
88 33 2
88 34 2
88 35 1
88 36 1
88 37 2
88 38 0
88 39 2
88 40 0
88 41 1
88 42 2
88 43 0
88 44 1
88 45 2
88 46 2
88 47 2
88 48 2
88 49 0
88 50 1
88 51 0
88 52 0
88 53 1
88 54 2
88 55 0
88 56 1
88 57 1
88 58 0
88 59 0
88 60 0
88 61 0
88 62 0
88 63 0
88 64 1
88 65 1
88 66 1
88 67 2
88 68 1
88 69 1
88 70 1
88 71 2
88 72 1
88 73 1
88 74 0
88 75 1
88 76 0
88 77 1
88 78 1
88 79 1
88 80 0
88 81 2
88 82 0
88 83 2
88 84 1
88 85 0
88 86 1
88 87 1
88 88 2
88 89 1
88 90 1
88 91 1
88 92 0
88 93 0
88 94 2
88 95 2
88 96 2
88 97 0
88 98 1
88 99 2
89 0 2
89 1 0
89 2 2
89 3 1
89 4 1
89 5 1
89 6 2
89 7 0
89 8 2
89 9 2
89 10 2
89 11 2
89 12 0
89 13 1
89 14 0
89 15 2
89 16 0
89 17 2
89 18 2
89 19 2
89 20 1
89 21 1
89 22 2
89 23 1
89 24 1
89 25 1
89 26 1
89 27 0
89 28 2
89 29 2
89 30 1
89 31 1
89 32 2
89 33 0
89 34 1
89 35 2
89 36 0
89 37 2
89 38 0
89 39 0
89 40 2
89 41 0
89 42 1
89 43 2
89 44 0
89 45 2
89 46 0
89 47 1
89 48 2
89 49 0
89 50 0
89 51 1
89 52 0
89 53 0
89 54 1
89 55 1
89 56 2
89 57 1
89 58 0
89 59 2
89 60 2
89 61 2
89 62 2
89 63 1
89 64 0
89 65 0
89 66 2
89 67 0
89 68 2
89 69 1
89 70 0
89 71 0
89 72 1
89 73 0
89 74 1
89 75 2
89 76 0
89 77 2
89 78 1
89 79 0
89 80 0
89 81 1
89 82 2
89 83 2
89 84 2
89 85 2
89 86 0
89 87 2
89 88 2
89 89 2
89 90 1
89 91 1
89 92 1
89 93 2
89 94 1
89 95 2
89 96 1
89 97 1
89 98 0
89 99 0
90 0 1
90 1 0
90 2 2
90 3 0
90 4 1
90 5 2
90 6 0
90 7 1
90 8 0
90 9 0
90 10 2
90 11 2
90 12 2
90 13 1
90 14 2
90 15 2
90 16 2
90 17 1
90 18 1
90 19 2
90 20 1
90 21 0
90 22 1
90 23 1
90 24 2
90 25 0
90 26 0
90 27 2
90 28 2
90 29 0
90 30 0
90 31 0
90 32 2
90 33 0
90 34 1
90 35 1
90 36 1
90 37 1
90 38 0
90 39 1
90 40 2
90 41 0
90 42 1
90 43 2
90 44 1
90 45 2
90 46 1
90 47 1
90 48 2
90 49 2
90 50 1
90 51 1
90 52 0
90 53 2
90 54 2
90 55 2
90 56 0
90 57 1
90 58 1
90 59 0
90 60 0
90 61 2
90 62 2
90 63 0
90 64 0
90 65 0
90 66 2
90 67 0
90 68 0
90 69 0
90 70 2
90 71 0
90 72 0
90 73 2
90 74 1
90 75 1
90 76 0
90 77 1
90 78 0
90 79 2
90 80 0
90 81 0
90 82 1
90 83 0
90 84 2
90 85 0
90 86 2
90 87 0
90 88 0
90 89 2
90 90 2
90 91 1
90 92 0
90 93 1
90 94 2
90 95 1
90 96 0
90 97 1
90 98 0
90 99 1
91 0 2
91 1 0
91 2 1
91 3 0
91 4 1
91 5 1
91 6 2
91 7 2
91 8 2
91 9 2
91 10 1
91 11 1
91 12 0
91 13 2
91 14 2
91 15 1
91 16 2
91 17 1
91 18 1
91 19 0
91 20 1
91 21 2
91 22 0
91 23 1
91 24 0
91 25 2
91 26 0
91 27 1
91 28 0
91 29 1
91 30 2
91 31 0
91 32 2
91 33 2
91 34 0
91 35 0
91 36 0
91 37 1
91 38 1
91 39 2
91 40 2
91 41 2
91 42 1
91 43 1
91 44 1
91 45 0
91 46 0
91 47 2
91 48 0
91 49 2
91 50 1
91 51 2
91 52 0
91 53 0
91 54 1
91 55 0
91 56 2
91 57 0
91 58 1
91 59 0
91 60 1
91 61 1
91 62 0
91 63 0
91 64 0
91 65 0
91 66 2
91 67 2
91 68 2
91 69 1
91 70 0
91 71 0
91 72 1
91 73 0
91 74 2
91 75 0
91 76 2
91 77 1
91 78 2
91 79 1
91 80 0
91 81 1
91 82 0
91 83 1
91 84 1
91 85 2
91 86 1
91 87 0
91 88 2
91 89 2
91 90 2
91 91 2
91 92 2
91 93 1
91 94 1
91 95 2
91 96 2
91 97 0
91 98 1
91 99 2
92 0 0
92 1 1
92 2 1
92 3 2
92 4 2
92 5 1
92 6 2
92 7 0
92 8 0
92 9 0
92 10 0
92 11 2
92 12 1
92 13 2
92 14 0
92 15 2
92 16 2
92 17 0
92 18 0
92 19 1
92 20 2
92 21 2
92 22 1
92 23 0
92 24 1
92 25 1
92 26 2
92 27 2
92 28 2
92 29 1
92 30 0
92 31 0
92 32 1
92 33 0
92 34 0
92 35 0
92 36 0
92 37 0
92 38 1
92 39 0
92 40 2
92 41 0
92 42 0
92 43 2
92 44 2
92 45 0
92 46 2
92 47 0
92 48 0
92 49 2
92 50 0
92 51 2
92 52 0
92 53 2
92 54 2
92 55 1
92 56 2
92 57 2
92 58 1
92 59 0
92 60 0
92 61 0
92 62 0
92 63 1
92 64 1
92 65 0
92 66 2
92 67 0
92 68 0
92 69 2
92 70 0
92 71 0
92 72 0
92 73 1
92 74 0
92 75 0
92 76 2
92 77 0
92 78 2
92 79 1
92 80 1
92 81 2
92 82 1
92 83 0
92 84 0
92 85 1
92 86 2
92 87 1
92 88 0
92 89 0
92 90 2
92 91 1
92 92 1
92 93 0
92 94 1
92 95 2
92 96 0
92 97 1
92 98 2
92 99 0
93 0 1
93 1 2
93 2 1
93 3 2
93 4 2
93 5 2
93 6 2
93 7 0
93 8 1
93 9 1
93 10 2
93 11 0
93 12 0
93 13 2
93 14 0
93 15 2
93 16 0
93 17 2
93 18 2
93 19 1
93 20 0
93 21 0
93 22 2
93 23 0
93 24 2
93 25 2
93 26 2
93 27 0
93 28 1
93 29 2
93 30 1
93 31 1
93 32 0
93 33 1
93 34 0
93 35 1
93 36 0
93 37 0
93 38 2
93 39 1
93 40 1
93 41 1
93 42 1
93 43 2
93 44 0
93 45 0
93 46 2
93 47 0
93 48 1
93 49 0
93 50 0
93 51 0
93 52 2
93 53 1
93 54 2
93 55 2
93 56 0
93 57 1
93 58 0
93 59 0
93 60 2
93 61 2
93 62 1
93 63 1
93 64 1
93 65 0
93 66 0
93 67 0
93 68 0
93 69 1
93 70 1
93 71 0
93 72 1
93 73 1
93 74 0
93 75 1
93 76 2
93 77 0
93 78 0
93 79 2
93 80 2
93 81 1
93 82 2
93 83 1
93 84 2
93 85 0
93 86 0
93 87 0
93 88 2
93 89 1
93 90 2
93 91 0
93 92 1
93 93 2
93 94 1
93 95 0
93 96 2
93 97 2
93 98 2
93 99 0
94 0 0
94 1 1
94 2 1
94 3 1
94 4 0
94 5 0
94 6 2
94 7 0
94 8 2
94 9 2
94 10 0
94 11 1
94 12 2
94 13 0
94 14 2
94 15 1
94 16 2
94 17 1
94 18 1
94 19 0
94 20 2
94 21 2
94 22 1
94 23 0
94 24 2
94 25 1
94 26 1
94 27 1
94 28 2
94 29 1
94 30 1
94 31 2
94 32 1
94 33 0
94 34 1
94 35 0
94 36 0
94 37 1
94 38 2
94 39 1
94 40 0
94 41 0
94 42 0
94 43 1
94 44 1
94 45 2
94 46 1
94 47 0
94 48 2
94 49 0
94 50 2
94 51 2
94 52 1
94 53 2
94 54 2
94 55 1
94 56 2
94 57 0
94 58 1
94 59 0
94 60 2
94 61 0
94 62 0
94 63 2
94 64 1
94 65 0
94 66 0
94 67 1
94 68 1
94 69 2
94 70 1
94 71 0
94 72 1
94 73 2
94 74 1
94 75 2
94 76 0
94 77 1
94 78 2
94 79 2
94 80 2
94 81 1
94 82 1
94 83 1
94 84 2
94 85 2
94 86 0
94 87 0
94 88 2
94 89 0
94 90 0
94 91 0
94 92 0
94 93 2
94 94 1
94 95 0
94 96 2
94 97 0
94 98 2
94 99 1
95 0 0
95 1 2
95 2 0
95 3 0
95 4 2
95 5 2
95 6 0
95 7 0
95 8 2
95 9 0
95 10 1
95 11 0
95 12 2
95 13 1
95 14 2
95 15 2
95 16 2
95 17 0
95 18 0
95 19 2
95 20 2
95 21 2
95 22 2
95 23 2
95 24 0
95 25 0
95 26 2
95 27 1
95 28 0
95 29 0
95 30 1
95 31 2
95 32 1
95 33 1
95 34 1
95 35 1
95 36 1
95 37 0
95 38 2
95 39 1
95 40 0
95 41 0
95 42 2
95 43 0
95 44 2
95 45 2
95 46 1
95 47 2
95 48 0
95 49 1
95 50 0
95 51 2
95 52 1
95 53 2
95 54 2
95 55 2
95 56 1
95 57 0
95 58 0
95 59 1
95 60 0
95 61 2
95 62 0
95 63 0
95 64 2
95 65 1
95 66 2
95 67 1
95 68 2
95 69 2
95 70 1
95 71 1
95 72 1
95 73 2
95 74 0
95 75 2
95 76 0
95 77 0
95 78 1
95 79 2
95 80 2
95 81 2
95 82 1
95 83 1
95 84 0
95 85 2
95 86 2
95 87 1
95 88 1
95 89 2
95 90 0
95 91 2
95 92 1
95 93 1
95 94 1
95 95 0
95 96 2
95 97 2
95 98 2
95 99 2
96 0 1
96 1 2
96 2 2
96 3 1
96 4 0
96 5 2
96 6 2
96 7 2
96 8 2
96 9 2
96 10 1
96 11 0
96 12 1
96 13 2
96 14 1
96 15 1
96 16 2
96 17 1
96 18 1
96 19 0
96 20 1
96 21 2
96 22 2
96 23 1
96 24 0
96 25 2
96 26 2
96 27 2
96 28 1
96 29 0
96 30 2
96 31 2
96 32 0
96 33 1
96 34 2
96 35 1
96 36 1
96 37 1
96 38 2
96 39 0
96 40 1
96 41 2
96 42 0
96 43 1
96 44 2
96 45 1
96 46 2
96 47 0
96 48 2
96 49 0
96 50 2
96 51 0
96 52 1
96 53 1
96 54 1
96 55 1
96 56 2
96 57 1
96 58 2
96 59 1
96 60 1
96 61 0
96 62 2
96 63 0
96 64 0
96 65 1
96 66 2
96 67 1
96 68 2
96 69 2
96 70 0
96 71 1
96 72 1
96 73 2
96 74 2
96 75 1
96 76 1
96 77 1
96 78 2
96 79 0
96 80 0
96 81 0
96 82 2
96 83 1
96 84 2
96 85 2
96 86 2
96 87 2
96 88 0
96 89 1
96 90 1
96 91 0
96 92 0
96 93 2
96 94 2
96 95 1
96 96 2
96 97 1
96 98 1
96 99 2
97 0 0
97 1 0
97 2 1
97 3 1
97 4 2
97 5 2
97 6 1
97 7 0
97 8 1
97 9 1
97 10 2
97 11 0
97 12 1
97 13 1
97 14 2
97 15 0
97 16 1
97 17 1
97 18 1
97 19 1
97 20 0
97 21 2
97 22 0
97 23 2
97 24 2
97 25 0
97 26 0
97 27 1
97 28 2
97 29 2
97 30 1
97 31 0
97 32 1
97 33 1
97 34 0
97 35 0
97 36 2
97 37 1
97 38 2
97 39 2
97 40 2
97 41 0
97 42 2
97 43 2
97 44 2
97 45 2
97 46 1
97 47 2
97 48 2
97 49 0
97 50 0
97 51 2
97 52 1
97 53 2
97 54 0
97 55 0
97 56 0
97 57 2
97 58 2
97 59 1
97 60 0
97 61 2
97 62 0
97 63 1
97 64 1
97 65 2
97 66 1
97 67 0
97 68 0
97 69 1
97 70 1
97 71 0
97 72 2
97 73 2
97 74 1
97 75 1
97 76 2
97 77 2
97 78 2
97 79 2
97 80 2
97 81 0
97 82 0
97 83 0
97 84 1
97 85 0
97 86 2
97 87 1
97 88 2
97 89 2
97 90 1
97 91 2
97 92 2
97 93 1
97 94 1
97 95 0
97 96 2
97 97 0
97 98 2
97 99 2
98 0 0
98 1 2
98 2 0
98 3 0
98 4 2
98 5 1
98 6 0
98 7 1
98 8 2
98 9 1
98 10 2
98 11 2
98 12 1
98 13 2
98 14 1
98 15 0
98 16 1
98 17 1
98 18 2
98 19 0
98 20 1
98 21 0
98 22 1
98 23 1
98 24 2
98 25 0
98 26 1
98 27 0
98 28 0
98 29 1
98 30 1
98 31 0
98 32 0
98 33 2
98 34 1
98 35 0
98 36 1
98 37 2
98 38 2
98 39 1
98 40 2
98 41 2
98 42 1
98 43 2
98 44 0
98 45 0
98 46 2
98 47 0
98 48 0
98 49 1
98 50 2
98 51 1
98 52 2
98 53 0
98 54 1
98 55 1
98 56 2
98 57 0
98 58 2
98 59 1
98 60 2
98 61 1
98 62 0
98 63 1
98 64 2
98 65 1
98 66 2
98 67 2
98 68 2
98 69 0
98 70 1
98 71 0
98 72 2
98 73 0
98 74 0
98 75 2
98 76 1
98 77 2
98 78 0
98 79 1
98 80 0
98 81 0
98 82 1
98 83 0
98 84 1
98 85 2
98 86 0
98 87 0
98 88 0
98 89 2
98 90 2
98 91 0
98 92 0
98 93 0
98 94 1
98 95 1
98 96 2
98 97 0
98 98 0
98 99 2
99 0 0
99 1 1
99 2 0
99 3 0
99 4 0
99 5 0
99 6 0
99 7 1
99 8 1
99 9 2
99 10 2
99 11 0
99 12 0
99 13 2
99 14 2
99 15 1
99 16 2
99 17 1
99 18 0
99 19 2
99 20 1
99 21 0
99 22 1
99 23 0
99 24 0
99 25 1
99 26 0
99 27 0
99 28 1
99 29 0
99 30 0
99 31 0
99 32 1
99 33 2
99 34 0
99 35 0
99 36 1
99 37 0
99 38 1
99 39 0
99 40 1
99 41 0
99 42 0
99 43 0
99 44 0
99 45 1
99 46 0
99 47 1
99 48 2
99 49 0
99 50 2
99 51 2
99 52 1
99 53 2
99 54 2
99 55 0
99 56 2
99 57 2
99 58 0
99 59 1
99 60 1
99 61 2
99 62 0
99 63 0
99 64 0
99 65 2
99 66 1
99 67 0
99 68 2
99 69 0
99 70 0
99 71 2
99 72 0
99 73 1
99 74 1
99 75 1
99 76 0
99 77 1
99 78 1
99 79 2
99 80 0
99 81 0
99 82 0
99 83 2
99 84 2
99 85 1
99 86 2
99 87 0
99 88 0
99 89 1
99 90 1
99 91 0
99 92 0
99 93 2
99 94 0
99 95 0
99 96 1
99 97 0
99 98 2
99 99 0
0
1
1
0
0
0
0
0
0
2
2
1
2
1
2
0
2
2
1
2
0
2
2
2
2
0
1
1
0
1
2
2
2
0
2
2
1
0
0
0
1
0
1
2
1
2
1
2
0
1
2
0
1
1
2
1
0
1
2
1
0
1
2
1
0
1
2
1
1
0
1
0
2
0
2
1
1
2
2
2
1
1
2
0
1
1
0
0
0
1
2
1
0
1
2
2
2
2
2
1
