5
0 0 3356446304253109160
0 1 -1288146163346214095
0 2 3852571498005647833
0 3 -218218311721734322
0 4 -3353232136541250754
1 0 -4072778790870601557
1 1 -7989138393751904779
1 2 2397607916781996072
1 3 5011560628448578698
1 4 -3291890234925391477
2 0 -439740549787443079
2 1 5717669571216319399
2 2 9205781755519987953
2 3 8428457950965919418
2 4 -288836247595945510
3 0 5262754865640742167
3 1 -6374495506802024679
3 2 2119789054641154564
3 3 -8345603734405375982
3 4 -6085394456197291291
4 0 -6590157548151148690
4 1 -9136799981908949351
4 2 4681870604838286110
4 3 -5797088574368794845
4 4 -8166260062493167458
7286873565557678477
6034744276085258622
7864504759816617992
8065754790005271581
7625871696053197400
