20
0 0 0
0 1 1
0 2 2
0 3 2
0 4 2
0 5 2
0 6 0
0 7 0
0 8 1
0 9 1
0 10 0
0 11 2
0 12 1
0 13 1
0 14 2
0 15 0
0 16 2
0 17 1
0 18 1
0 19 2
1 0 1
1 1 0
1 2 1
1 3 1
1 4 2
1 5 2
1 6 1
1 7 0
1 8 2
1 9 2
1 10 0
1 11 2
1 12 0
1 13 0
1 14 0
1 15 2
1 16 1
1 17 1
1 18 0
1 19 0
2 0 2
2 1 2
2 2 1
2 3 0
2 4 1
2 5 2
2 6 2
2 7 0
2 8 1
2 9 1
2 10 1
2 11 2
2 12 1
2 13 1
2 14 1
2 15 2
2 16 2
2 17 0
2 18 0
2 19 2
3 0 2
3 1 0
3 2 1
3 3 0
3 4 2
3 5 1
3 6 1
3 7 0
3 8 2
3 9 1
3 10 2
3 11 0
3 12 2
3 13 0
3 14 2
3 15 0
3 16 0
3 17 1
3 18 1
3 19 1
4 0 1
4 1 1
4 2 0
4 3 0
4 4 0
4 5 2
4 6 2
4 7 1
4 8 2
4 9 2
4 10 2
4 11 2
4 12 2
4 13 1
4 14 2
4 15 2
4 16 1
4 17 1
4 18 0
4 19 1
5 0 0
5 1 0
5 2 0
5 3 0
5 4 0
5 5 2
5 6 2
5 7 2
5 8 2
5 9 2
5 10 2
5 11 2
5 12 0
5 13 2
5 14 2
5 15 1
5 16 0
5 17 0
5 18 2
5 19 2
6 0 2
6 1 0
6 2 2
6 3 0
6 4 1
6 5 1
6 6 2
6 7 0
6 8 1
6 9 1
6 10 1
6 11 2
6 12 0
6 13 2
6 14 2
6 15 1
6 16 2
6 17 0
6 18 0
6 19 2
7 0 0
7 1 1
7 2 2
7 3 2
7 4 2
7 5 0
7 6 2
7 7 2
7 8 1
7 9 2
7 10 2
7 11 2
7 12 0
7 13 2
7 14 0
7 15 2
7 16 0
7 17 2
7 18 1
7 19 2
8 0 1
8 1 2
8 2 1
8 3 1
8 4 1
8 5 0
8 6 1
8 7 1
8 8 1
8 9 2
8 10 0
8 11 2
8 12 1
8 13 0
8 14 0
8 15 2
8 16 2
8 17 2
8 18 1
8 19 2
9 0 0
9 1 1
9 2 0
9 3 1
9 4 0
9 5 0
9 6 0
9 7 2
9 8 0
9 9 2
9 10 1
9 11 0
9 12 2
9 13 2
9 14 0
9 15 0
9 16 1
9 17 0
9 18 0
9 19 1
10 0 0
10 1 0
10 2 1
10 3 1
10 4 0
10 5 0
10 6 1
10 7 2
10 8 2
10 9 0
10 10 1
10 11 0
10 12 1
10 13 0
10 14 1
10 15 0
10 16 0
10 17 1
10 18 0
10 19 2
11 0 2
11 1 0
11 2 2
11 3 1
11 4 0
11 5 0
11 6 0
11 7 2
11 8 1
11 9 2
11 10 1
11 11 2
11 12 1
11 13 0
11 14 0
11 15 1
11 16 0
11 17 1
11 18 1
11 19 1
12 0 2
12 1 0
12 2 2
12 3 1
12 4 0
12 5 0
12 6 0
12 7 0
12 8 0
12 9 1
12 10 1
12 11 1
12 12 2
12 13 1
12 14 0
12 15 2
12 16 1
12 17 2
12 18 1
12 19 1
13 0 2
13 1 2
13 2 0
13 3 1
13 4 1
13 5 0
13 6 0
13 7 0
13 8 0
13 9 0
13 10 0
13 11 1
13 12 2
13 13 2
13 14 1
13 15 1
13 16 0
13 17 0
13 18 1
13 19 1
14 0 2
14 1 0
14 2 2
14 3 0
14 4 0
14 5 0
14 6 1
14 7 0
14 8 0
14 9 2
14 10 1
14 11 1
14 12 0
14 13 0
14 14 0
14 15 1
14 16 0
14 17 2
14 18 0
14 19 2
15 0 2
15 1 1
15 2 2
15 3 2
15 4 1
15 5 1
15 6 2
15 7 0
15 8 1
15 9 2
15 10 0
15 11 2
15 12 2
15 13 0
15 14 1
15 15 2
15 16 1
15 17 2
15 18 0
15 19 0
16 0 2
16 1 0
16 2 1
16 3 1
16 4 2
16 5 1
16 6 0
16 7 0
16 8 1
16 9 1
16 10 2
16 11 1
16 12 1
16 13 1
16 14 1
16 15 0
16 16 2
16 17 0
16 18 2
16 19 1
17 0 0
17 1 2
17 2 1
17 3 1
17 4 0
17 5 0
17 6 1
17 7 0
17 8 2
17 9 0
17 10 2
17 11 2
17 12 2
17 13 1
17 14 1
17 15 0
17 16 2
17 17 2
17 18 1
17 19 1
18 0 1
18 1 2
18 2 0
18 3 0
18 4 2
18 5 0
18 6 2
18 7 2
18 8 1
18 9 2
18 10 1
18 11 0
18 12 2
18 13 2
18 14 1
18 15 0
18 16 2
18 17 0
18 18 0
18 19 2
19 0 0
19 1 2
19 2 1
19 3 2
19 4 2
19 5 0
19 6 0
19 7 0
19 8 1
19 9 2
19 10 2
19 11 2
19 12 2
19 13 2
19 14 0
19 15 1
19 16 2
19 17 1
19 18 2
19 19 0
2
0
0
1
2
1
2
0
0
0
1
0
2
1
1
1
2
2
1
2
